Laberinto Inicial:
██████████
█--█-----█
█--█-----█
█--█--█--█
S--████--█
█--------E
█--------█
█--████--█
█--█-----█
█--█-----█
██████████
========================
Detalles del Laberinto:
Posición del Agente:       (4, 0)
Posición de la Salida:     (5, 9)
Porcentaje de Obstáculos:  45.4545%
Nodos Generados:           0

Nodos Inspeccionados:      0

Pasos del Agente:          0
========================
██████████
█--█-----█
█--█-----█
█--█--█--█
S--████--█
█********E
█--------█
█--████--█
█--█-----█
█--█-----█
██████████
========================
Detalles del Laberinto:
Posición del Agente:       (5, 1)
Posición de la Salida:     (5, 9)
Porcentaje de Obstáculos:  15.4545%
Nodos Generados:           32
(3, 1) (4, 1) (5, 1) (4, 2) (5, 2) (6, 1) (6, 2) (3, 2) (5, 3) (6, 3) (5, 4) (6, 4) (2, 1) (2, 2) (5, 5) (6, 5) (7, 1) (7, 2) (5, 6) (6, 6) (4, 7) (5, 7) (6, 7) (4, 8) (5, 8) (6, 8) (1, 1) (1, 2) (5, 9) (8, 1) (8, 2) (7, 7) 
Nodos Inspeccionados:      24
(4, 0) (5, 1) (4, 1) (5, 2) (4, 2) (5, 3) (3, 1) (5, 4) (6, 2) (6, 1) (3, 2) (5, 5) (6, 3) (5, 6) (6, 4) (5, 7) (2, 2) (6, 5) (2, 1) (5, 8) (7, 2) (6, 6) (7, 1) (5, 9) 
Pasos del Agente:          1
========================
---------█
-------█--
----█----█
--█-█----█
S█------█-
-A****█-█E
------***-
----------
----█-█--█
----------
█-------██
========================
Detalles del Laberinto:
Posición del Agente:       (5, 2)
Posición de la Salida:     (5, 9)
Porcentaje de Obstáculos:  23.6364%
Nodos Generados:           86
(3, 1) (4, 1) (5, 1) (4, 2) (5, 2) (6, 1) (6, 2) (3, 2) (5, 3) (6, 3) (5, 4) (6, 4) (2, 1) (2, 2) (5, 5) (6, 5) (7, 1) (7, 2) (5, 6) (6, 6) (4, 7) (5, 7) (6, 7) (4, 8) (5, 8) (6, 8) (1, 1) (1, 2) (5, 9) (8, 1) (8, 2) (7, 7) (4, 0) (4, 2) (5, 0) (5, 2) (6, 0) (6, 1) (6, 2) (4, 3) (5, 3) (6, 3) (4, 4) (5, 4) (6, 4) (4, 5) (5, 5) (6, 5) (3, 1) (3, 3) (7, 1) (7, 2) (7, 3) (7, 0) (4, 6) (6, 6) (7, 4) (3, 5) (7, 5) (3, 0) (3, 6) (7, 6) (2, 2) (2, 3) (8, 2) (8, 3) (8, 1) (3, 7) (4, 7) (5, 7) (6, 7) (7, 7) (6, 8) (8, 0) (8, 5) (7, 8) (3, 8) (2, 5) (2, 6) (5, 9) (6, 9) (7, 9) (2, 7) (2, 0) (2, 1) (8, 7) 
Nodos Inspeccionados:      58
(4, 0) (5, 1) (4, 1) (5, 2) (4, 2) (5, 3) (3, 1) (5, 4) (6, 2) (6, 1) (3, 2) (5, 5) (6, 3) (5, 6) (6, 4) (5, 7) (2, 2) (6, 5) (2, 1) (5, 8) (7, 2) (6, 6) (7, 1) (5, 9) (5, 1) (5, 2) (5, 3) (5, 4) (4, 2) (6, 2) (5, 0) (6, 1) (5, 5) (4, 3) (6, 3) (4, 4) (6, 4) (4, 0) (6, 0) (4, 5) (6, 5) (3, 3) (7, 3) (7, 2) (4, 6) (6, 6) (5, 7) (7, 1) (7, 4) (6, 7) (4, 7) (7, 5) (3, 5) (6, 8) (3, 6) (3, 1) (7, 6) (5, 9) 
Pasos del Agente:          2
========================
---█--██-█
--██--█---
██--------
-█------██
S█--*█-*--
-AA*█**█*E
--█----█--
----█-██-█
----------
----█---██
------█---
========================
Detalles del Laberinto:
Posición del Agente:       (5, 3)
Posición de la Salida:     (5, 9)
Porcentaje de Obstáculos:  19.0909%
Nodos Generados:           139
(3, 1) (4, 1) (5, 1) (4, 2) (5, 2) (6, 1) (6, 2) (3, 2) (5, 3) (6, 3) (5, 4) (6, 4) (2, 1) (2, 2) (5, 5) (6, 5) (7, 1) (7, 2) (5, 6) (6, 6) (4, 7) (5, 7) (6, 7) (4, 8) (5, 8) (6, 8) (1, 1) (1, 2) (5, 9) (8, 1) (8, 2) (7, 7) (4, 0) (4, 2) (5, 0) (5, 2) (6, 0) (6, 1) (6, 2) (4, 3) (5, 3) (6, 3) (4, 4) (5, 4) (6, 4) (4, 5) (5, 5) (6, 5) (3, 1) (3, 3) (7, 1) (7, 2) (7, 3) (7, 0) (4, 6) (6, 6) (7, 4) (3, 5) (7, 5) (3, 0) (3, 6) (7, 6) (2, 2) (2, 3) (8, 2) (8, 3) (8, 1) (3, 7) (4, 7) (5, 7) (6, 7) (7, 7) (6, 8) (8, 0) (8, 5) (7, 8) (3, 8) (2, 5) (2, 6) (5, 9) (6, 9) (7, 9) (2, 7) (2, 0) (2, 1) (8, 7) (4, 2) (4, 3) (5, 1) (5, 3) (6, 1) (6, 3) (4, 4) (6, 4) (3, 2) (3, 3) (3, 4) (7, 2) (7, 3) (4, 0) (5, 0) (6, 0) (3, 5) (5, 5) (6, 5) (7, 5) (4, 6) (5, 6) (6, 6) (4, 7) (7, 0) (7, 1) (2, 3) (2, 4) (2, 5) (2, 2) (8, 2) (8, 3) (8, 4) (8, 5) (8, 6) (2, 6) (3, 6) (3, 7) (2, 7) (4, 8) (5, 8) (2, 8) (8, 1) (4, 9) (5, 9) (6, 8) (6, 9) (1, 4) (1, 5) (3, 0) (8, 0) (9, 3) (9, 5) 
Nodos Inspeccionados:      92
(4, 0) (5, 1) (4, 1) (5, 2) (4, 2) (5, 3) (3, 1) (5, 4) (6, 2) (6, 1) (3, 2) (5, 5) (6, 3) (5, 6) (6, 4) (5, 7) (2, 2) (6, 5) (2, 1) (5, 8) (7, 2) (6, 6) (7, 1) (5, 9) (5, 1) (5, 2) (5, 3) (5, 4) (4, 2) (6, 2) (5, 0) (6, 1) (5, 5) (4, 3) (6, 3) (4, 4) (6, 4) (4, 0) (6, 0) (4, 5) (6, 5) (3, 3) (7, 3) (7, 2) (4, 6) (6, 6) (5, 7) (7, 1) (7, 4) (6, 7) (4, 7) (7, 5) (3, 5) (6, 8) (3, 6) (3, 1) (7, 6) (5, 9) (5, 2) (5, 3) (4, 3) (6, 3) (4, 2) (5, 1) (4, 4) (6, 4) (5, 5) (6, 5) (5, 6) (6, 1) (6, 6) (3, 4) (3, 3) (7, 3) (5, 0) (7, 5) (3, 5) (3, 2) (4, 6) (3, 6) (4, 7) (3, 7) (7, 2) (5, 8) (4, 8) (2, 5) (4, 0) (6, 0) (7, 1) (2, 4) (8, 4) (5, 9) 
Pasos del Agente:          3
========================
-----█----
-----█-██-
----█---█-
█---█----█
S-------*-
█AAA****█E
----------
-----█----
█-----█---
█-█---█---
██------██
========================
Detalles del Laberinto:
Posición del Agente:       (5, 4)
Posición de la Salida:     (5, 9)
Porcentaje de Obstáculos:  19.0909%
Nodos Generados:           189
(3, 1) (4, 1) (5, 1) (4, 2) (5, 2) (6, 1) (6, 2) (3, 2) (5, 3) (6, 3) (5, 4) (6, 4) (2, 1) (2, 2) (5, 5) (6, 5) (7, 1) (7, 2) (5, 6) (6, 6) (4, 7) (5, 7) (6, 7) (4, 8) (5, 8) (6, 8) (1, 1) (1, 2) (5, 9) (8, 1) (8, 2) (7, 7) (4, 0) (4, 2) (5, 0) (5, 2) (6, 0) (6, 1) (6, 2) (4, 3) (5, 3) (6, 3) (4, 4) (5, 4) (6, 4) (4, 5) (5, 5) (6, 5) (3, 1) (3, 3) (7, 1) (7, 2) (7, 3) (7, 0) (4, 6) (6, 6) (7, 4) (3, 5) (7, 5) (3, 0) (3, 6) (7, 6) (2, 2) (2, 3) (8, 2) (8, 3) (8, 1) (3, 7) (4, 7) (5, 7) (6, 7) (7, 7) (6, 8) (8, 0) (8, 5) (7, 8) (3, 8) (2, 5) (2, 6) (5, 9) (6, 9) (7, 9) (2, 7) (2, 0) (2, 1) (8, 7) (4, 2) (4, 3) (5, 1) (5, 3) (6, 1) (6, 3) (4, 4) (6, 4) (3, 2) (3, 3) (3, 4) (7, 2) (7, 3) (4, 0) (5, 0) (6, 0) (3, 5) (5, 5) (6, 5) (7, 5) (4, 6) (5, 6) (6, 6) (4, 7) (7, 0) (7, 1) (2, 3) (2, 4) (2, 5) (2, 2) (8, 2) (8, 3) (8, 4) (8, 5) (8, 6) (2, 6) (3, 6) (3, 7) (2, 7) (4, 8) (5, 8) (2, 8) (8, 1) (4, 9) (5, 9) (6, 8) (6, 9) (1, 4) (1, 5) (3, 0) (8, 0) (9, 3) (9, 5) (4, 2) (4, 3) (4, 4) (5, 2) (5, 4) (6, 2) (6, 3) (6, 4) (4, 5) (5, 5) (6, 5) (4, 6) (5, 6) (6, 6) (4, 7) (5, 7) (6, 7) (3, 3) (3, 5) (7, 3) (7, 4) (3, 2) (4, 1) (5, 1) (6, 1) (4, 8) (6, 8) (7, 2) (7, 6) (3, 6) (7, 7) (3, 7) (3, 8) (3, 1) (7, 1) (7, 8) (2, 5) (2, 6) (4, 9) (5, 9) (8, 3) (8, 4) (8, 5) (6, 9) (7, 9) (4, 0) (6, 0) (8, 7) (8, 2) (2, 7) 
Nodos Inspeccionados:      119
(4, 0) (5, 1) (4, 1) (5, 2) (4, 2) (5, 3) (3, 1) (5, 4) (6, 2) (6, 1) (3, 2) (5, 5) (6, 3) (5, 6) (6, 4) (5, 7) (2, 2) (6, 5) (2, 1) (5, 8) (7, 2) (6, 6) (7, 1) (5, 9) (5, 1) (5, 2) (5, 3) (5, 4) (4, 2) (6, 2) (5, 0) (6, 1) (5, 5) (4, 3) (6, 3) (4, 4) (6, 4) (4, 0) (6, 0) (4, 5) (6, 5) (3, 3) (7, 3) (7, 2) (4, 6) (6, 6) (5, 7) (7, 1) (7, 4) (6, 7) (4, 7) (7, 5) (3, 5) (6, 8) (3, 6) (3, 1) (7, 6) (5, 9) (5, 2) (5, 3) (4, 3) (6, 3) (4, 2) (5, 1) (4, 4) (6, 4) (5, 5) (6, 5) (5, 6) (6, 1) (6, 6) (3, 4) (3, 3) (7, 3) (5, 0) (7, 5) (3, 5) (3, 2) (4, 6) (3, 6) (4, 7) (3, 7) (7, 2) (5, 8) (4, 8) (2, 5) (4, 0) (6, 0) (7, 1) (2, 4) (8, 4) (5, 9) (5, 3) (5, 4) (5, 5) (5, 6) (4, 4) (6, 4) (4, 3) (5, 2) (5, 7) (6, 3) (6, 5) (4, 5) (6, 6) (4, 6) (4, 7) (4, 2) (6, 2) (6, 7) (3, 5) (4, 8) (7, 4) (6, 8) (5, 1) (7, 6) (7, 3) (3, 6) (5, 9) 
Pasos del Agente:          4
========================
---█---█--
--██--█---
█--------█
--█-----█-
S----█-*--
-AAA░**█*E
--█----█--
------█---
-----█---█
-█--█---█-
---█--█---
========================
Detalles del Laberinto:
Posición del Agente:       (5, 5)
Posición de la Salida:     (5, 9)
Porcentaje de Obstáculos:  17.2727%
Nodos Generados:           219
(3, 1) (4, 1) (5, 1) (4, 2) (5, 2) (6, 1) (6, 2) (3, 2) (5, 3) (6, 3) (5, 4) (6, 4) (2, 1) (2, 2) (5, 5) (6, 5) (7, 1) (7, 2) (5, 6) (6, 6) (4, 7) (5, 7) (6, 7) (4, 8) (5, 8) (6, 8) (1, 1) (1, 2) (5, 9) (8, 1) (8, 2) (7, 7) (4, 0) (4, 2) (5, 0) (5, 2) (6, 0) (6, 1) (6, 2) (4, 3) (5, 3) (6, 3) (4, 4) (5, 4) (6, 4) (4, 5) (5, 5) (6, 5) (3, 1) (3, 3) (7, 1) (7, 2) (7, 3) (7, 0) (4, 6) (6, 6) (7, 4) (3, 5) (7, 5) (3, 0) (3, 6) (7, 6) (2, 2) (2, 3) (8, 2) (8, 3) (8, 1) (3, 7) (4, 7) (5, 7) (6, 7) (7, 7) (6, 8) (8, 0) (8, 5) (7, 8) (3, 8) (2, 5) (2, 6) (5, 9) (6, 9) (7, 9) (2, 7) (2, 0) (2, 1) (8, 7) (4, 2) (4, 3) (5, 1) (5, 3) (6, 1) (6, 3) (4, 4) (6, 4) (3, 2) (3, 3) (3, 4) (7, 2) (7, 3) (4, 0) (5, 0) (6, 0) (3, 5) (5, 5) (6, 5) (7, 5) (4, 6) (5, 6) (6, 6) (4, 7) (7, 0) (7, 1) (2, 3) (2, 4) (2, 5) (2, 2) (8, 2) (8, 3) (8, 4) (8, 5) (8, 6) (2, 6) (3, 6) (3, 7) (2, 7) (4, 8) (5, 8) (2, 8) (8, 1) (4, 9) (5, 9) (6, 8) (6, 9) (1, 4) (1, 5) (3, 0) (8, 0) (9, 3) (9, 5) (4, 2) (4, 3) (4, 4) (5, 2) (5, 4) (6, 2) (6, 3) (6, 4) (4, 5) (5, 5) (6, 5) (4, 6) (5, 6) (6, 6) (4, 7) (5, 7) (6, 7) (3, 3) (3, 5) (7, 3) (7, 4) (3, 2) (4, 1) (5, 1) (6, 1) (4, 8) (6, 8) (7, 2) (7, 6) (3, 6) (7, 7) (3, 7) (3, 8) (3, 1) (7, 1) (7, 8) (2, 5) (2, 6) (4, 9) (5, 9) (8, 3) (8, 4) (8, 5) (6, 9) (7, 9) (4, 0) (6, 0) (8, 7) (8, 2) (2, 7) (4, 3) (4, 4) (5, 3) (5, 5) (6, 3) (6, 4) (6, 5) (4, 6) (5, 6) (6, 6) (4, 7) (7, 4) (7, 5) (3, 3) (3, 4) (3, 5) (4, 2) (5, 2) (7, 3) (3, 6) (3, 7) (7, 7) (4, 8) (5, 8) (4, 9) (5, 9) (6, 8) (6, 9) (7, 2) (3, 9) 
Nodos Inspeccionados:      134
(4, 0) (5, 1) (4, 1) (5, 2) (4, 2) (5, 3) (3, 1) (5, 4) (6, 2) (6, 1) (3, 2) (5, 5) (6, 3) (5, 6) (6, 4) (5, 7) (2, 2) (6, 5) (2, 1) (5, 8) (7, 2) (6, 6) (7, 1) (5, 9) (5, 1) (5, 2) (5, 3) (5, 4) (4, 2) (6, 2) (5, 0) (6, 1) (5, 5) (4, 3) (6, 3) (4, 4) (6, 4) (4, 0) (6, 0) (4, 5) (6, 5) (3, 3) (7, 3) (7, 2) (4, 6) (6, 6) (5, 7) (7, 1) (7, 4) (6, 7) (4, 7) (7, 5) (3, 5) (6, 8) (3, 6) (3, 1) (7, 6) (5, 9) (5, 2) (5, 3) (4, 3) (6, 3) (4, 2) (5, 1) (4, 4) (6, 4) (5, 5) (6, 5) (5, 6) (6, 1) (6, 6) (3, 4) (3, 3) (7, 3) (5, 0) (7, 5) (3, 5) (3, 2) (4, 6) (3, 6) (4, 7) (3, 7) (7, 2) (5, 8) (4, 8) (2, 5) (4, 0) (6, 0) (7, 1) (2, 4) (8, 4) (5, 9) (5, 3) (5, 4) (5, 5) (5, 6) (4, 4) (6, 4) (4, 3) (5, 2) (5, 7) (6, 3) (6, 5) (4, 5) (6, 6) (4, 6) (4, 7) (4, 2) (6, 2) (6, 7) (3, 5) (4, 8) (7, 4) (6, 8) (5, 1) (7, 6) (7, 3) (3, 6) (5, 9) (5, 4) (5, 5) (5, 6) (6, 5) (4, 4) (5, 3) (6, 4) (4, 6) (6, 6) (4, 7) (5, 8) (6, 3) (4, 3) (4, 8) (5, 9) 
Pasos del Agente:          5
========================
-----█----
-----█-██-
-█--█-----
█---█-----
S-█-------
-AAAAA***E
----------
----██-█-█
------█---
--█------█
██------█-
========================
Detalles del Laberinto:
Posición del Agente:       (5, 6)
Posición de la Salida:     (5, 9)
Porcentaje de Obstáculos:  19.0909%
Nodos Generados:           243
(3, 1) (4, 1) (5, 1) (4, 2) (5, 2) (6, 1) (6, 2) (3, 2) (5, 3) (6, 3) (5, 4) (6, 4) (2, 1) (2, 2) (5, 5) (6, 5) (7, 1) (7, 2) (5, 6) (6, 6) (4, 7) (5, 7) (6, 7) (4, 8) (5, 8) (6, 8) (1, 1) (1, 2) (5, 9) (8, 1) (8, 2) (7, 7) (4, 0) (4, 2) (5, 0) (5, 2) (6, 0) (6, 1) (6, 2) (4, 3) (5, 3) (6, 3) (4, 4) (5, 4) (6, 4) (4, 5) (5, 5) (6, 5) (3, 1) (3, 3) (7, 1) (7, 2) (7, 3) (7, 0) (4, 6) (6, 6) (7, 4) (3, 5) (7, 5) (3, 0) (3, 6) (7, 6) (2, 2) (2, 3) (8, 2) (8, 3) (8, 1) (3, 7) (4, 7) (5, 7) (6, 7) (7, 7) (6, 8) (8, 0) (8, 5) (7, 8) (3, 8) (2, 5) (2, 6) (5, 9) (6, 9) (7, 9) (2, 7) (2, 0) (2, 1) (8, 7) (4, 2) (4, 3) (5, 1) (5, 3) (6, 1) (6, 3) (4, 4) (6, 4) (3, 2) (3, 3) (3, 4) (7, 2) (7, 3) (4, 0) (5, 0) (6, 0) (3, 5) (5, 5) (6, 5) (7, 5) (4, 6) (5, 6) (6, 6) (4, 7) (7, 0) (7, 1) (2, 3) (2, 4) (2, 5) (2, 2) (8, 2) (8, 3) (8, 4) (8, 5) (8, 6) (2, 6) (3, 6) (3, 7) (2, 7) (4, 8) (5, 8) (2, 8) (8, 1) (4, 9) (5, 9) (6, 8) (6, 9) (1, 4) (1, 5) (3, 0) (8, 0) (9, 3) (9, 5) (4, 2) (4, 3) (4, 4) (5, 2) (5, 4) (6, 2) (6, 3) (6, 4) (4, 5) (5, 5) (6, 5) (4, 6) (5, 6) (6, 6) (4, 7) (5, 7) (6, 7) (3, 3) (3, 5) (7, 3) (7, 4) (3, 2) (4, 1) (5, 1) (6, 1) (4, 8) (6, 8) (7, 2) (7, 6) (3, 6) (7, 7) (3, 7) (3, 8) (3, 1) (7, 1) (7, 8) (2, 5) (2, 6) (4, 9) (5, 9) (8, 3) (8, 4) (8, 5) (6, 9) (7, 9) (4, 0) (6, 0) (8, 7) (8, 2) (2, 7) (4, 3) (4, 4) (5, 3) (5, 5) (6, 3) (6, 4) (6, 5) (4, 6) (5, 6) (6, 6) (4, 7) (7, 4) (7, 5) (3, 3) (3, 4) (3, 5) (4, 2) (5, 2) (7, 3) (3, 6) (3, 7) (7, 7) (4, 8) (5, 8) (4, 9) (5, 9) (6, 8) (6, 9) (7, 2) (3, 9) (4, 4) (4, 5) (4, 6) (5, 4) (5, 6) (6, 4) (6, 5) (6, 6) (4, 7) (5, 7) (6, 7) (4, 8) (5, 8) (6, 8) (4, 9) (5, 9) (6, 9) (3, 5) (3, 6) (3, 7) (7, 6) (4, 3) (5, 3) (6, 3) 
Nodos Inspeccionados:      143
(4, 0) (5, 1) (4, 1) (5, 2) (4, 2) (5, 3) (3, 1) (5, 4) (6, 2) (6, 1) (3, 2) (5, 5) (6, 3) (5, 6) (6, 4) (5, 7) (2, 2) (6, 5) (2, 1) (5, 8) (7, 2) (6, 6) (7, 1) (5, 9) (5, 1) (5, 2) (5, 3) (5, 4) (4, 2) (6, 2) (5, 0) (6, 1) (5, 5) (4, 3) (6, 3) (4, 4) (6, 4) (4, 0) (6, 0) (4, 5) (6, 5) (3, 3) (7, 3) (7, 2) (4, 6) (6, 6) (5, 7) (7, 1) (7, 4) (6, 7) (4, 7) (7, 5) (3, 5) (6, 8) (3, 6) (3, 1) (7, 6) (5, 9) (5, 2) (5, 3) (4, 3) (6, 3) (4, 2) (5, 1) (4, 4) (6, 4) (5, 5) (6, 5) (5, 6) (6, 1) (6, 6) (3, 4) (3, 3) (7, 3) (5, 0) (7, 5) (3, 5) (3, 2) (4, 6) (3, 6) (4, 7) (3, 7) (7, 2) (5, 8) (4, 8) (2, 5) (4, 0) (6, 0) (7, 1) (2, 4) (8, 4) (5, 9) (5, 3) (5, 4) (5, 5) (5, 6) (4, 4) (6, 4) (4, 3) (5, 2) (5, 7) (6, 3) (6, 5) (4, 5) (6, 6) (4, 6) (4, 7) (4, 2) (6, 2) (6, 7) (3, 5) (4, 8) (7, 4) (6, 8) (5, 1) (7, 6) (7, 3) (3, 6) (5, 9) (5, 4) (5, 5) (5, 6) (6, 5) (4, 4) (5, 3) (6, 4) (4, 6) (6, 6) (4, 7) (5, 8) (6, 3) (4, 3) (4, 8) (5, 9) (5, 5) (5, 6) (5, 7) (5, 8) (4, 6) (6, 6) (4, 5) (5, 4) (5, 9) 
Pasos del Agente:          6
========================
---█---█--
--██--█---
█--------█
--█-----█-
S------**-
-AAA░AA██E
--█----█--
----------
█--------█
-█--█-█-█-
------█--█
========================
Detalles del Laberinto:
Posición del Agente:       (4, 7)
Posición de la Salida:     (5, 9)
Porcentaje de Obstáculos:  17.2727%
Nodos Generados:           262
(3, 1) (4, 1) (5, 1) (4, 2) (5, 2) (6, 1) (6, 2) (3, 2) (5, 3) (6, 3) (5, 4) (6, 4) (2, 1) (2, 2) (5, 5) (6, 5) (7, 1) (7, 2) (5, 6) (6, 6) (4, 7) (5, 7) (6, 7) (4, 8) (5, 8) (6, 8) (1, 1) (1, 2) (5, 9) (8, 1) (8, 2) (7, 7) (4, 0) (4, 2) (5, 0) (5, 2) (6, 0) (6, 1) (6, 2) (4, 3) (5, 3) (6, 3) (4, 4) (5, 4) (6, 4) (4, 5) (5, 5) (6, 5) (3, 1) (3, 3) (7, 1) (7, 2) (7, 3) (7, 0) (4, 6) (6, 6) (7, 4) (3, 5) (7, 5) (3, 0) (3, 6) (7, 6) (2, 2) (2, 3) (8, 2) (8, 3) (8, 1) (3, 7) (4, 7) (5, 7) (6, 7) (7, 7) (6, 8) (8, 0) (8, 5) (7, 8) (3, 8) (2, 5) (2, 6) (5, 9) (6, 9) (7, 9) (2, 7) (2, 0) (2, 1) (8, 7) (4, 2) (4, 3) (5, 1) (5, 3) (6, 1) (6, 3) (4, 4) (6, 4) (3, 2) (3, 3) (3, 4) (7, 2) (7, 3) (4, 0) (5, 0) (6, 0) (3, 5) (5, 5) (6, 5) (7, 5) (4, 6) (5, 6) (6, 6) (4, 7) (7, 0) (7, 1) (2, 3) (2, 4) (2, 5) (2, 2) (8, 2) (8, 3) (8, 4) (8, 5) (8, 6) (2, 6) (3, 6) (3, 7) (2, 7) (4, 8) (5, 8) (2, 8) (8, 1) (4, 9) (5, 9) (6, 8) (6, 9) (1, 4) (1, 5) (3, 0) (8, 0) (9, 3) (9, 5) (4, 2) (4, 3) (4, 4) (5, 2) (5, 4) (6, 2) (6, 3) (6, 4) (4, 5) (5, 5) (6, 5) (4, 6) (5, 6) (6, 6) (4, 7) (5, 7) (6, 7) (3, 3) (3, 5) (7, 3) (7, 4) (3, 2) (4, 1) (5, 1) (6, 1) (4, 8) (6, 8) (7, 2) (7, 6) (3, 6) (7, 7) (3, 7) (3, 8) (3, 1) (7, 1) (7, 8) (2, 5) (2, 6) (4, 9) (5, 9) (8, 3) (8, 4) (8, 5) (6, 9) (7, 9) (4, 0) (6, 0) (8, 7) (8, 2) (2, 7) (4, 3) (4, 4) (5, 3) (5, 5) (6, 3) (6, 4) (6, 5) (4, 6) (5, 6) (6, 6) (4, 7) (7, 4) (7, 5) (3, 3) (3, 4) (3, 5) (4, 2) (5, 2) (7, 3) (3, 6) (3, 7) (7, 7) (4, 8) (5, 8) (4, 9) (5, 9) (6, 8) (6, 9) (7, 2) (3, 9) (4, 4) (4, 5) (4, 6) (5, 4) (5, 6) (6, 4) (6, 5) (6, 6) (4, 7) (5, 7) (6, 7) (4, 8) (5, 8) (6, 8) (4, 9) (5, 9) (6, 9) (3, 5) (3, 6) (3, 7) (7, 6) (4, 3) (5, 3) (6, 3) (4, 5) (4, 6) (4, 7) (5, 5) (6, 5) (6, 6) (3, 6) (3, 7) (4, 8) (3, 5) (4, 4) (5, 4) (6, 4) (7, 5) (7, 6) (7, 7) (3, 9) (4, 9) (5, 9) 
Nodos Inspeccionados:      150
(4, 0) (5, 1) (4, 1) (5, 2) (4, 2) (5, 3) (3, 1) (5, 4) (6, 2) (6, 1) (3, 2) (5, 5) (6, 3) (5, 6) (6, 4) (5, 7) (2, 2) (6, 5) (2, 1) (5, 8) (7, 2) (6, 6) (7, 1) (5, 9) (5, 1) (5, 2) (5, 3) (5, 4) (4, 2) (6, 2) (5, 0) (6, 1) (5, 5) (4, 3) (6, 3) (4, 4) (6, 4) (4, 0) (6, 0) (4, 5) (6, 5) (3, 3) (7, 3) (7, 2) (4, 6) (6, 6) (5, 7) (7, 1) (7, 4) (6, 7) (4, 7) (7, 5) (3, 5) (6, 8) (3, 6) (3, 1) (7, 6) (5, 9) (5, 2) (5, 3) (4, 3) (6, 3) (4, 2) (5, 1) (4, 4) (6, 4) (5, 5) (6, 5) (5, 6) (6, 1) (6, 6) (3, 4) (3, 3) (7, 3) (5, 0) (7, 5) (3, 5) (3, 2) (4, 6) (3, 6) (4, 7) (3, 7) (7, 2) (5, 8) (4, 8) (2, 5) (4, 0) (6, 0) (7, 1) (2, 4) (8, 4) (5, 9) (5, 3) (5, 4) (5, 5) (5, 6) (4, 4) (6, 4) (4, 3) (5, 2) (5, 7) (6, 3) (6, 5) (4, 5) (6, 6) (4, 6) (4, 7) (4, 2) (6, 2) (6, 7) (3, 5) (4, 8) (7, 4) (6, 8) (5, 1) (7, 6) (7, 3) (3, 6) (5, 9) (5, 4) (5, 5) (5, 6) (6, 5) (4, 4) (5, 3) (6, 4) (4, 6) (6, 6) (4, 7) (5, 8) (6, 3) (4, 3) (4, 8) (5, 9) (5, 5) (5, 6) (5, 7) (5, 8) (4, 6) (6, 6) (4, 5) (5, 4) (5, 9) (5, 6) (4, 7) (4, 6) (5, 5) (6, 6) (4, 8) (5, 9) 
Pasos del Agente:          7
========================
-----█----
-----█-██-
-█--█-----
█---█-----
S-█----A--
-AAAAAA-*E
----------
----████--
-----█----
█--------█
██-█------
========================
Detalles del Laberinto:
Posición del Agente:       (5, 8)
Posición de la Salida:     (5, 9)
Porcentaje de Obstáculos:  18.1818%
Nodos Generados:           277
(3, 1) (4, 1) (5, 1) (4, 2) (5, 2) (6, 1) (6, 2) (3, 2) (5, 3) (6, 3) (5, 4) (6, 4) (2, 1) (2, 2) (5, 5) (6, 5) (7, 1) (7, 2) (5, 6) (6, 6) (4, 7) (5, 7) (6, 7) (4, 8) (5, 8) (6, 8) (1, 1) (1, 2) (5, 9) (8, 1) (8, 2) (7, 7) (4, 0) (4, 2) (5, 0) (5, 2) (6, 0) (6, 1) (6, 2) (4, 3) (5, 3) (6, 3) (4, 4) (5, 4) (6, 4) (4, 5) (5, 5) (6, 5) (3, 1) (3, 3) (7, 1) (7, 2) (7, 3) (7, 0) (4, 6) (6, 6) (7, 4) (3, 5) (7, 5) (3, 0) (3, 6) (7, 6) (2, 2) (2, 3) (8, 2) (8, 3) (8, 1) (3, 7) (4, 7) (5, 7) (6, 7) (7, 7) (6, 8) (8, 0) (8, 5) (7, 8) (3, 8) (2, 5) (2, 6) (5, 9) (6, 9) (7, 9) (2, 7) (2, 0) (2, 1) (8, 7) (4, 2) (4, 3) (5, 1) (5, 3) (6, 1) (6, 3) (4, 4) (6, 4) (3, 2) (3, 3) (3, 4) (7, 2) (7, 3) (4, 0) (5, 0) (6, 0) (3, 5) (5, 5) (6, 5) (7, 5) (4, 6) (5, 6) (6, 6) (4, 7) (7, 0) (7, 1) (2, 3) (2, 4) (2, 5) (2, 2) (8, 2) (8, 3) (8, 4) (8, 5) (8, 6) (2, 6) (3, 6) (3, 7) (2, 7) (4, 8) (5, 8) (2, 8) (8, 1) (4, 9) (5, 9) (6, 8) (6, 9) (1, 4) (1, 5) (3, 0) (8, 0) (9, 3) (9, 5) (4, 2) (4, 3) (4, 4) (5, 2) (5, 4) (6, 2) (6, 3) (6, 4) (4, 5) (5, 5) (6, 5) (4, 6) (5, 6) (6, 6) (4, 7) (5, 7) (6, 7) (3, 3) (3, 5) (7, 3) (7, 4) (3, 2) (4, 1) (5, 1) (6, 1) (4, 8) (6, 8) (7, 2) (7, 6) (3, 6) (7, 7) (3, 7) (3, 8) (3, 1) (7, 1) (7, 8) (2, 5) (2, 6) (4, 9) (5, 9) (8, 3) (8, 4) (8, 5) (6, 9) (7, 9) (4, 0) (6, 0) (8, 7) (8, 2) (2, 7) (4, 3) (4, 4) (5, 3) (5, 5) (6, 3) (6, 4) (6, 5) (4, 6) (5, 6) (6, 6) (4, 7) (7, 4) (7, 5) (3, 3) (3, 4) (3, 5) (4, 2) (5, 2) (7, 3) (3, 6) (3, 7) (7, 7) (4, 8) (5, 8) (4, 9) (5, 9) (6, 8) (6, 9) (7, 2) (3, 9) (4, 4) (4, 5) (4, 6) (5, 4) (5, 6) (6, 4) (6, 5) (6, 6) (4, 7) (5, 7) (6, 7) (4, 8) (5, 8) (6, 8) (4, 9) (5, 9) (6, 9) (3, 5) (3, 6) (3, 7) (7, 6) (4, 3) (5, 3) (6, 3) (4, 5) (4, 6) (4, 7) (5, 5) (6, 5) (6, 6) (3, 6) (3, 7) (4, 8) (3, 5) (4, 4) (5, 4) (6, 4) (7, 5) (7, 6) (7, 7) (3, 9) (4, 9) (5, 9) (3, 6) (3, 7) (3, 8) (4, 6) (4, 8) (5, 6) (5, 7) (5, 8) (4, 9) (5, 9) (6, 7) (6, 8) (6, 9) (3, 9) (6, 6) 
Nodos Inspeccionados:      155
(4, 0) (5, 1) (4, 1) (5, 2) (4, 2) (5, 3) (3, 1) (5, 4) (6, 2) (6, 1) (3, 2) (5, 5) (6, 3) (5, 6) (6, 4) (5, 7) (2, 2) (6, 5) (2, 1) (5, 8) (7, 2) (6, 6) (7, 1) (5, 9) (5, 1) (5, 2) (5, 3) (5, 4) (4, 2) (6, 2) (5, 0) (6, 1) (5, 5) (4, 3) (6, 3) (4, 4) (6, 4) (4, 0) (6, 0) (4, 5) (6, 5) (3, 3) (7, 3) (7, 2) (4, 6) (6, 6) (5, 7) (7, 1) (7, 4) (6, 7) (4, 7) (7, 5) (3, 5) (6, 8) (3, 6) (3, 1) (7, 6) (5, 9) (5, 2) (5, 3) (4, 3) (6, 3) (4, 2) (5, 1) (4, 4) (6, 4) (5, 5) (6, 5) (5, 6) (6, 1) (6, 6) (3, 4) (3, 3) (7, 3) (5, 0) (7, 5) (3, 5) (3, 2) (4, 6) (3, 6) (4, 7) (3, 7) (7, 2) (5, 8) (4, 8) (2, 5) (4, 0) (6, 0) (7, 1) (2, 4) (8, 4) (5, 9) (5, 3) (5, 4) (5, 5) (5, 6) (4, 4) (6, 4) (4, 3) (5, 2) (5, 7) (6, 3) (6, 5) (4, 5) (6, 6) (4, 6) (4, 7) (4, 2) (6, 2) (6, 7) (3, 5) (4, 8) (7, 4) (6, 8) (5, 1) (7, 6) (7, 3) (3, 6) (5, 9) (5, 4) (5, 5) (5, 6) (6, 5) (4, 4) (5, 3) (6, 4) (4, 6) (6, 6) (4, 7) (5, 8) (6, 3) (4, 3) (4, 8) (5, 9) (5, 5) (5, 6) (5, 7) (5, 8) (4, 6) (6, 6) (4, 5) (5, 4) (5, 9) (5, 6) (4, 7) (4, 6) (5, 5) (6, 6) (4, 8) (5, 9) (4, 7) (5, 8) (4, 8) (5, 7) (5, 9) 
Pasos del Agente:          8
========================
---█---█--
--██--█---
█--------█
--█-----█-
S------A--
-AAA░AA█░E
--█----█--
---------█
------█---
-█--█-█-█-
------█--█
========================
Detalles del Laberinto:
Posición del Agente:       (5, 9)
Posición de la Salida:     (5, 9)
Porcentaje de Obstáculos:  20.9091%
Nodos Generados:           283
(3, 1) (4, 1) (5, 1) (4, 2) (5, 2) (6, 1) (6, 2) (3, 2) (5, 3) (6, 3) (5, 4) (6, 4) (2, 1) (2, 2) (5, 5) (6, 5) (7, 1) (7, 2) (5, 6) (6, 6) (4, 7) (5, 7) (6, 7) (4, 8) (5, 8) (6, 8) (1, 1) (1, 2) (5, 9) (8, 1) (8, 2) (7, 7) (4, 0) (4, 2) (5, 0) (5, 2) (6, 0) (6, 1) (6, 2) (4, 3) (5, 3) (6, 3) (4, 4) (5, 4) (6, 4) (4, 5) (5, 5) (6, 5) (3, 1) (3, 3) (7, 1) (7, 2) (7, 3) (7, 0) (4, 6) (6, 6) (7, 4) (3, 5) (7, 5) (3, 0) (3, 6) (7, 6) (2, 2) (2, 3) (8, 2) (8, 3) (8, 1) (3, 7) (4, 7) (5, 7) (6, 7) (7, 7) (6, 8) (8, 0) (8, 5) (7, 8) (3, 8) (2, 5) (2, 6) (5, 9) (6, 9) (7, 9) (2, 7) (2, 0) (2, 1) (8, 7) (4, 2) (4, 3) (5, 1) (5, 3) (6, 1) (6, 3) (4, 4) (6, 4) (3, 2) (3, 3) (3, 4) (7, 2) (7, 3) (4, 0) (5, 0) (6, 0) (3, 5) (5, 5) (6, 5) (7, 5) (4, 6) (5, 6) (6, 6) (4, 7) (7, 0) (7, 1) (2, 3) (2, 4) (2, 5) (2, 2) (8, 2) (8, 3) (8, 4) (8, 5) (8, 6) (2, 6) (3, 6) (3, 7) (2, 7) (4, 8) (5, 8) (2, 8) (8, 1) (4, 9) (5, 9) (6, 8) (6, 9) (1, 4) (1, 5) (3, 0) (8, 0) (9, 3) (9, 5) (4, 2) (4, 3) (4, 4) (5, 2) (5, 4) (6, 2) (6, 3) (6, 4) (4, 5) (5, 5) (6, 5) (4, 6) (5, 6) (6, 6) (4, 7) (5, 7) (6, 7) (3, 3) (3, 5) (7, 3) (7, 4) (3, 2) (4, 1) (5, 1) (6, 1) (4, 8) (6, 8) (7, 2) (7, 6) (3, 6) (7, 7) (3, 7) (3, 8) (3, 1) (7, 1) (7, 8) (2, 5) (2, 6) (4, 9) (5, 9) (8, 3) (8, 4) (8, 5) (6, 9) (7, 9) (4, 0) (6, 0) (8, 7) (8, 2) (2, 7) (4, 3) (4, 4) (5, 3) (5, 5) (6, 3) (6, 4) (6, 5) (4, 6) (5, 6) (6, 6) (4, 7) (7, 4) (7, 5) (3, 3) (3, 4) (3, 5) (4, 2) (5, 2) (7, 3) (3, 6) (3, 7) (7, 7) (4, 8) (5, 8) (4, 9) (5, 9) (6, 8) (6, 9) (7, 2) (3, 9) (4, 4) (4, 5) (4, 6) (5, 4) (5, 6) (6, 4) (6, 5) (6, 6) (4, 7) (5, 7) (6, 7) (4, 8) (5, 8) (6, 8) (4, 9) (5, 9) (6, 9) (3, 5) (3, 6) (3, 7) (7, 6) (4, 3) (5, 3) (6, 3) (4, 5) (4, 6) (4, 7) (5, 5) (6, 5) (6, 6) (3, 6) (3, 7) (4, 8) (3, 5) (4, 4) (5, 4) (6, 4) (7, 5) (7, 6) (7, 7) (3, 9) (4, 9) (5, 9) (3, 6) (3, 7) (3, 8) (4, 6) (4, 8) (5, 6) (5, 7) (5, 8) (4, 9) (5, 9) (6, 7) (6, 8) (6, 9) (3, 9) (6, 6) (4, 7) (4, 8) (4, 9) (5, 9) (6, 8) (6, 9) 
Nodos Inspeccionados:      157
(4, 0) (5, 1) (4, 1) (5, 2) (4, 2) (5, 3) (3, 1) (5, 4) (6, 2) (6, 1) (3, 2) (5, 5) (6, 3) (5, 6) (6, 4) (5, 7) (2, 2) (6, 5) (2, 1) (5, 8) (7, 2) (6, 6) (7, 1) (5, 9) (5, 1) (5, 2) (5, 3) (5, 4) (4, 2) (6, 2) (5, 0) (6, 1) (5, 5) (4, 3) (6, 3) (4, 4) (6, 4) (4, 0) (6, 0) (4, 5) (6, 5) (3, 3) (7, 3) (7, 2) (4, 6) (6, 6) (5, 7) (7, 1) (7, 4) (6, 7) (4, 7) (7, 5) (3, 5) (6, 8) (3, 6) (3, 1) (7, 6) (5, 9) (5, 2) (5, 3) (4, 3) (6, 3) (4, 2) (5, 1) (4, 4) (6, 4) (5, 5) (6, 5) (5, 6) (6, 1) (6, 6) (3, 4) (3, 3) (7, 3) (5, 0) (7, 5) (3, 5) (3, 2) (4, 6) (3, 6) (4, 7) (3, 7) (7, 2) (5, 8) (4, 8) (2, 5) (4, 0) (6, 0) (7, 1) (2, 4) (8, 4) (5, 9) (5, 3) (5, 4) (5, 5) (5, 6) (4, 4) (6, 4) (4, 3) (5, 2) (5, 7) (6, 3) (6, 5) (4, 5) (6, 6) (4, 6) (4, 7) (4, 2) (6, 2) (6, 7) (3, 5) (4, 8) (7, 4) (6, 8) (5, 1) (7, 6) (7, 3) (3, 6) (5, 9) (5, 4) (5, 5) (5, 6) (6, 5) (4, 4) (5, 3) (6, 4) (4, 6) (6, 6) (4, 7) (5, 8) (6, 3) (4, 3) (4, 8) (5, 9) (5, 5) (5, 6) (5, 7) (5, 8) (4, 6) (6, 6) (4, 5) (5, 4) (5, 9) (5, 6) (4, 7) (4, 6) (5, 5) (6, 6) (4, 8) (5, 9) (4, 7) (5, 8) (4, 8) (5, 7) (5, 9) (5, 8) (5, 9) 
Pasos del Agente:          9
========================
