Laberinto Inicial:
██████████
█--█-----█
█--█-----█
█--█--█--█
S--████--█
█--------E
█--------█
█--████--█
█--█-----█
█--█-----█
██████████
========================
Detalles del Laberinto:
Posición del Agente:       (4, 0)
Posición de la Salida:     (5, 9)
Porcentaje de Obstáculos:  45.4545%
Nodos Generados:           0

Nodos Inspeccionados:      0

Pasos del Agente:          0
Costo Total del Camino:    0
========================
██████████
█--█-----█
█--█-----█
█--█--█--█
S--████--█
█********E
█--------█
█--████--█
█--█-----█
█--█-----█
██████████
========================
Detalles del Laberinto:
Posición del Agente:       (5, 1)
Posición de la Salida:     (5, 9)
Porcentaje de Obstáculos:  13.6364%
Nodos Generados:           32
(3, 1) (4, 1) (5, 1) (4, 2) (5, 2) (6, 1) (6, 2) (3, 2) (5, 3) (6, 3) (5, 4) (6, 4) (2, 1) (2, 2) (5, 5) (6, 5) (7, 1) (7, 2) (5, 6) (6, 6) (4, 7) (5, 7) (6, 7) (4, 8) (5, 8) (6, 8) (1, 1) (1, 2) (5, 9) (8, 1) (8, 2) (7, 7) 
Nodos Inspeccionados:      24
(4, 0) (5, 1) (4, 1) (5, 2) (4, 2) (5, 3) (3, 1) (5, 4) (6, 2) (6, 1) (3, 2) (5, 5) (6, 3) (5, 6) (6, 4) (5, 7) (2, 2) (6, 5) (2, 1) (5, 8) (7, 2) (6, 6) (7, 1) (5, 9) 
Pasos del Agente:          1
Costo Total del Camino:    47
========================
------█---
-----█--██
-------█--
----█--█--
S--█--█---
-░*******E
--█-------
---------█
----█-----
----------
-█---██---
========================
Detalles del Laberinto:
Posición del Agente:       (5, 2)
Posición de la Salida:     (5, 9)
Porcentaje de Obstáculos:  21.8182%
Nodos Generados:           80
(3, 1) (4, 1) (5, 1) (4, 2) (5, 2) (6, 1) (6, 2) (3, 2) (5, 3) (6, 3) (5, 4) (6, 4) (2, 1) (2, 2) (5, 5) (6, 5) (7, 1) (7, 2) (5, 6) (6, 6) (4, 7) (5, 7) (6, 7) (4, 8) (5, 8) (6, 8) (1, 1) (1, 2) (5, 9) (8, 1) (8, 2) (7, 7) (4, 0) (4, 1) (4, 2) (5, 0) (5, 2) (6, 0) (6, 1) (5, 3) (6, 3) (4, 4) (5, 4) (6, 4) (4, 5) (5, 5) (6, 5) (3, 1) (3, 2) (3, 3) (3, 0) (7, 0) (7, 1) (7, 2) (5, 6) (6, 6) (7, 3) (7, 4) (4, 7) (5, 7) (6, 7) (7, 5) (3, 5) (4, 8) (5, 8) (6, 8) (7, 6) (3, 6) (4, 9) (5, 9) (6, 9) (2, 2) (2, 3) (2, 4) (7, 7) (2, 1) (8, 1) (8, 2) (8, 3) (8, 5) 
Nodos Inspeccionados:      49
(4, 0) (5, 1) (4, 1) (5, 2) (4, 2) (5, 3) (3, 1) (5, 4) (6, 2) (6, 1) (3, 2) (5, 5) (6, 3) (5, 6) (6, 4) (5, 7) (2, 2) (6, 5) (2, 1) (5, 8) (7, 2) (6, 6) (7, 1) (5, 9) (5, 1) (5, 2) (5, 3) (5, 4) (4, 2) (4, 1) (5, 0) (6, 1) (5, 5) (6, 3) (5, 6) (6, 4) (4, 4) (5, 7) (6, 0) (6, 5) (4, 5) (4, 0) (5, 8) (3, 3) (6, 6) (3, 2) (7, 2) (7, 4) (5, 9) 
Pasos del Agente:          2
Costo Total del Camino:    40
========================
-----██--█
--█-------
---█--█-█-
----------
S--█--█*--
█A░****█*E
██--█--█--
---███-█--
----------
-█-█--█-█-
------█---
========================
Detalles del Laberinto:
Posición del Agente:       (5, 3)
Posición de la Salida:     (5, 9)
Porcentaje de Obstáculos:  17.2727%
Nodos Generados:           125
(3, 1) (4, 1) (5, 1) (4, 2) (5, 2) (6, 1) (6, 2) (3, 2) (5, 3) (6, 3) (5, 4) (6, 4) (2, 1) (2, 2) (5, 5) (6, 5) (7, 1) (7, 2) (5, 6) (6, 6) (4, 7) (5, 7) (6, 7) (4, 8) (5, 8) (6, 8) (1, 1) (1, 2) (5, 9) (8, 1) (8, 2) (7, 7) (4, 0) (4, 1) (4, 2) (5, 0) (5, 2) (6, 0) (6, 1) (5, 3) (6, 3) (4, 4) (5, 4) (6, 4) (4, 5) (5, 5) (6, 5) (3, 1) (3, 2) (3, 3) (3, 0) (7, 0) (7, 1) (7, 2) (5, 6) (6, 6) (7, 3) (7, 4) (4, 7) (5, 7) (6, 7) (7, 5) (3, 5) (4, 8) (5, 8) (6, 8) (7, 6) (3, 6) (4, 9) (5, 9) (6, 9) (2, 2) (2, 3) (2, 4) (7, 7) (2, 1) (8, 1) (8, 2) (8, 3) (8, 5) (4, 1) (4, 2) (5, 1) (5, 3) (6, 2) (6, 3) (4, 4) (5, 4) (4, 5) (5, 5) (6, 5) (5, 6) (6, 6) (7, 2) (3, 1) (3, 2) (3, 3) (4, 0) (7, 1) (4, 7) (3, 4) (3, 5) (3, 6) (7, 6) (3, 0) (2, 2) (2, 4) (3, 7) (3, 8) (4, 8) (5, 8) (2, 1) (8, 1) (8, 2) (8, 3) (4, 9) (5, 9) (6, 8) (6, 9) (2, 5) (3, 9) (8, 5) (8, 6) (8, 7) (2, 7) 
Nodos Inspeccionados:      74
(4, 0) (5, 1) (4, 1) (5, 2) (4, 2) (5, 3) (3, 1) (5, 4) (6, 2) (6, 1) (3, 2) (5, 5) (6, 3) (5, 6) (6, 4) (5, 7) (2, 2) (6, 5) (2, 1) (5, 8) (7, 2) (6, 6) (7, 1) (5, 9) (5, 1) (5, 2) (5, 3) (5, 4) (4, 2) (4, 1) (5, 0) (6, 1) (5, 5) (6, 3) (5, 6) (6, 4) (4, 4) (5, 7) (6, 0) (6, 5) (4, 5) (4, 0) (5, 8) (3, 3) (6, 6) (3, 2) (7, 2) (7, 4) (5, 9) (5, 2) (5, 3) (5, 4) (5, 5) (6, 3) (4, 2) (5, 1) (6, 2) (5, 6) (4, 4) (4, 5) (6, 5) (4, 1) (6, 6) (3, 3) (4, 7) (3, 2) (7, 2) (5, 8) (3, 5) (4, 8) (3, 4) (7, 6) (3, 6) (5, 9) 
Pasos del Agente:          3
Costo Total del Camino:    39
========================
------██--
---█----█-
----------
█---█--█--
S---*----█
-░AA█****E
---█------
----------
-█-██--██-
█---█-----
--█---█---
========================
Detalles del Laberinto:
Posición del Agente:       (4, 4)
Posición de la Salida:     (5, 9)
Porcentaje de Obstáculos:  17.2727%
Nodos Generados:           172
(3, 1) (4, 1) (5, 1) (4, 2) (5, 2) (6, 1) (6, 2) (3, 2) (5, 3) (6, 3) (5, 4) (6, 4) (2, 1) (2, 2) (5, 5) (6, 5) (7, 1) (7, 2) (5, 6) (6, 6) (4, 7) (5, 7) (6, 7) (4, 8) (5, 8) (6, 8) (1, 1) (1, 2) (5, 9) (8, 1) (8, 2) (7, 7) (4, 0) (4, 1) (4, 2) (5, 0) (5, 2) (6, 0) (6, 1) (5, 3) (6, 3) (4, 4) (5, 4) (6, 4) (4, 5) (5, 5) (6, 5) (3, 1) (3, 2) (3, 3) (3, 0) (7, 0) (7, 1) (7, 2) (5, 6) (6, 6) (7, 3) (7, 4) (4, 7) (5, 7) (6, 7) (7, 5) (3, 5) (4, 8) (5, 8) (6, 8) (7, 6) (3, 6) (4, 9) (5, 9) (6, 9) (2, 2) (2, 3) (2, 4) (7, 7) (2, 1) (8, 1) (8, 2) (8, 3) (8, 5) (4, 1) (4, 2) (5, 1) (5, 3) (6, 2) (6, 3) (4, 4) (5, 4) (4, 5) (5, 5) (6, 5) (5, 6) (6, 6) (7, 2) (3, 1) (3, 2) (3, 3) (4, 0) (7, 1) (4, 7) (3, 4) (3, 5) (3, 6) (7, 6) (3, 0) (2, 2) (2, 4) (3, 7) (3, 8) (4, 8) (5, 8) (2, 1) (8, 1) (8, 2) (8, 3) (4, 9) (5, 9) (6, 8) (6, 9) (2, 5) (3, 9) (8, 5) (8, 6) (8, 7) (2, 7) (4, 2) (4, 3) (4, 4) (5, 2) (6, 2) (6, 4) (3, 3) (3, 5) (4, 5) (5, 5) (6, 5) (7, 3) (7, 4) (7, 5) (3, 2) (4, 1) (5, 1) (6, 1) (4, 6) (5, 6) (6, 6) (3, 6) (7, 6) (4, 7) (5, 7) (6, 7) (7, 7) (4, 8) (5, 8) (6, 8) (7, 1) (7, 2) (3, 8) (7, 8) (3, 1) (8, 5) (8, 6) (2, 4) (2, 5) (2, 6) (5, 9) (6, 9) (3, 9) (7, 9) (2, 7) (2, 2) (2, 3) 
Nodos Inspeccionados:      100
(4, 0) (5, 1) (4, 1) (5, 2) (4, 2) (5, 3) (3, 1) (5, 4) (6, 2) (6, 1) (3, 2) (5, 5) (6, 3) (5, 6) (6, 4) (5, 7) (2, 2) (6, 5) (2, 1) (5, 8) (7, 2) (6, 6) (7, 1) (5, 9) (5, 1) (5, 2) (5, 3) (5, 4) (4, 2) (4, 1) (5, 0) (6, 1) (5, 5) (6, 3) (5, 6) (6, 4) (4, 4) (5, 7) (6, 0) (6, 5) (4, 5) (4, 0) (5, 8) (3, 3) (6, 6) (3, 2) (7, 2) (7, 4) (5, 9) (5, 2) (5, 3) (5, 4) (5, 5) (6, 3) (4, 2) (5, 1) (6, 2) (5, 6) (4, 4) (4, 5) (6, 5) (4, 1) (6, 6) (3, 3) (4, 7) (3, 2) (7, 2) (5, 8) (3, 5) (4, 8) (3, 4) (7, 6) (3, 6) (5, 9) (5, 3) (4, 4) (6, 4) (4, 3) (5, 2) (5, 5) (4, 5) (6, 5) (5, 6) (6, 6) (4, 6) (5, 7) (6, 2) (4, 7) (6, 7) (4, 2) (7, 5) (3, 5) (5, 8) (4, 8) (7, 4) (6, 8) (3, 6) (7, 6) (3, 3) (5, 9) 
Pasos del Agente:          4
Costo Total del Camino:    34
========================
-----██---
-█---█----
-------███
----------
S---A-----
-A░A-****E
██--█-----
--███--█--
------█---
-█-█--█-█-
----------
========================
Detalles del Laberinto:
Posición del Agente:       (5, 5)
Posición de la Salida:     (5, 9)
Porcentaje de Obstáculos:  16.3636%
Nodos Generados:           208
(3, 1) (4, 1) (5, 1) (4, 2) (5, 2) (6, 1) (6, 2) (3, 2) (5, 3) (6, 3) (5, 4) (6, 4) (2, 1) (2, 2) (5, 5) (6, 5) (7, 1) (7, 2) (5, 6) (6, 6) (4, 7) (5, 7) (6, 7) (4, 8) (5, 8) (6, 8) (1, 1) (1, 2) (5, 9) (8, 1) (8, 2) (7, 7) (4, 0) (4, 1) (4, 2) (5, 0) (5, 2) (6, 0) (6, 1) (5, 3) (6, 3) (4, 4) (5, 4) (6, 4) (4, 5) (5, 5) (6, 5) (3, 1) (3, 2) (3, 3) (3, 0) (7, 0) (7, 1) (7, 2) (5, 6) (6, 6) (7, 3) (7, 4) (4, 7) (5, 7) (6, 7) (7, 5) (3, 5) (4, 8) (5, 8) (6, 8) (7, 6) (3, 6) (4, 9) (5, 9) (6, 9) (2, 2) (2, 3) (2, 4) (7, 7) (2, 1) (8, 1) (8, 2) (8, 3) (8, 5) (4, 1) (4, 2) (5, 1) (5, 3) (6, 2) (6, 3) (4, 4) (5, 4) (4, 5) (5, 5) (6, 5) (5, 6) (6, 6) (7, 2) (3, 1) (3, 2) (3, 3) (4, 0) (7, 1) (4, 7) (3, 4) (3, 5) (3, 6) (7, 6) (3, 0) (2, 2) (2, 4) (3, 7) (3, 8) (4, 8) (5, 8) (2, 1) (8, 1) (8, 2) (8, 3) (4, 9) (5, 9) (6, 8) (6, 9) (2, 5) (3, 9) (8, 5) (8, 6) (8, 7) (2, 7) (4, 2) (4, 3) (4, 4) (5, 2) (6, 2) (6, 4) (3, 3) (3, 5) (4, 5) (5, 5) (6, 5) (7, 3) (7, 4) (7, 5) (3, 2) (4, 1) (5, 1) (6, 1) (4, 6) (5, 6) (6, 6) (3, 6) (7, 6) (4, 7) (5, 7) (6, 7) (7, 7) (4, 8) (5, 8) (6, 8) (7, 1) (7, 2) (3, 8) (7, 8) (3, 1) (8, 5) (8, 6) (2, 4) (2, 5) (2, 6) (5, 9) (6, 9) (3, 9) (7, 9) (2, 7) (2, 2) (2, 3) (3, 3) (3, 4) (3, 5) (4, 3) (4, 5) (5, 3) (5, 4) (5, 5) (4, 6) (5, 6) (6, 5) (6, 6) (3, 6) (6, 3) (4, 7) (5, 7) (6, 7) (3, 7) (4, 8) (5, 8) (6, 8) (3, 8) (2, 4) (2, 5) (2, 6) (4, 9) (5, 9) (6, 9) (4, 2) (5, 2) (6, 2) (3, 2) (3, 9) (7, 5) (7, 6) (2, 3) 
Nodos Inspeccionados:      118
(4, 0) (5, 1) (4, 1) (5, 2) (4, 2) (5, 3) (3, 1) (5, 4) (6, 2) (6, 1) (3, 2) (5, 5) (6, 3) (5, 6) (6, 4) (5, 7) (2, 2) (6, 5) (2, 1) (5, 8) (7, 2) (6, 6) (7, 1) (5, 9) (5, 1) (5, 2) (5, 3) (5, 4) (4, 2) (4, 1) (5, 0) (6, 1) (5, 5) (6, 3) (5, 6) (6, 4) (4, 4) (5, 7) (6, 0) (6, 5) (4, 5) (4, 0) (5, 8) (3, 3) (6, 6) (3, 2) (7, 2) (7, 4) (5, 9) (5, 2) (5, 3) (5, 4) (5, 5) (6, 3) (4, 2) (5, 1) (6, 2) (5, 6) (4, 4) (4, 5) (6, 5) (4, 1) (6, 6) (3, 3) (4, 7) (3, 2) (7, 2) (5, 8) (3, 5) (4, 8) (3, 4) (7, 6) (3, 6) (5, 9) (5, 3) (4, 4) (6, 4) (4, 3) (5, 2) (5, 5) (4, 5) (6, 5) (5, 6) (6, 6) (4, 6) (5, 7) (6, 2) (4, 7) (6, 7) (4, 2) (7, 5) (3, 5) (5, 8) (4, 8) (7, 4) (6, 8) (3, 6) (7, 6) (3, 3) (5, 9) (4, 4) (5, 5) (4, 5) (5, 4) (5, 6) (4, 6) (5, 7) (4, 7) (3, 5) (5, 8) (5, 3) (4, 3) (4, 8) (6, 6) (3, 4) (3, 6) (6, 5) (5, 9) 
Pasos del Agente:          5
Costo Total del Camino:    27
========================
------██--
--█-----█-
----------
█---█--█--
S---A--*--
-░AA█A*█*E
---█------
-----█----
-█-█---██-
█---█-----
--█-------
========================
Detalles del Laberinto:
Posición del Agente:       (5, 6)
Posición de la Salida:     (5, 9)
Porcentaje de Obstáculos:  17.2727%
Nodos Generados:           232
(3, 1) (4, 1) (5, 1) (4, 2) (5, 2) (6, 1) (6, 2) (3, 2) (5, 3) (6, 3) (5, 4) (6, 4) (2, 1) (2, 2) (5, 5) (6, 5) (7, 1) (7, 2) (5, 6) (6, 6) (4, 7) (5, 7) (6, 7) (4, 8) (5, 8) (6, 8) (1, 1) (1, 2) (5, 9) (8, 1) (8, 2) (7, 7) (4, 0) (4, 1) (4, 2) (5, 0) (5, 2) (6, 0) (6, 1) (5, 3) (6, 3) (4, 4) (5, 4) (6, 4) (4, 5) (5, 5) (6, 5) (3, 1) (3, 2) (3, 3) (3, 0) (7, 0) (7, 1) (7, 2) (5, 6) (6, 6) (7, 3) (7, 4) (4, 7) (5, 7) (6, 7) (7, 5) (3, 5) (4, 8) (5, 8) (6, 8) (7, 6) (3, 6) (4, 9) (5, 9) (6, 9) (2, 2) (2, 3) (2, 4) (7, 7) (2, 1) (8, 1) (8, 2) (8, 3) (8, 5) (4, 1) (4, 2) (5, 1) (5, 3) (6, 2) (6, 3) (4, 4) (5, 4) (4, 5) (5, 5) (6, 5) (5, 6) (6, 6) (7, 2) (3, 1) (3, 2) (3, 3) (4, 0) (7, 1) (4, 7) (3, 4) (3, 5) (3, 6) (7, 6) (3, 0) (2, 2) (2, 4) (3, 7) (3, 8) (4, 8) (5, 8) (2, 1) (8, 1) (8, 2) (8, 3) (4, 9) (5, 9) (6, 8) (6, 9) (2, 5) (3, 9) (8, 5) (8, 6) (8, 7) (2, 7) (4, 2) (4, 3) (4, 4) (5, 2) (6, 2) (6, 4) (3, 3) (3, 5) (4, 5) (5, 5) (6, 5) (7, 3) (7, 4) (7, 5) (3, 2) (4, 1) (5, 1) (6, 1) (4, 6) (5, 6) (6, 6) (3, 6) (7, 6) (4, 7) (5, 7) (6, 7) (7, 7) (4, 8) (5, 8) (6, 8) (7, 1) (7, 2) (3, 8) (7, 8) (3, 1) (8, 5) (8, 6) (2, 4) (2, 5) (2, 6) (5, 9) (6, 9) (3, 9) (7, 9) (2, 7) (2, 2) (2, 3) (3, 3) (3, 4) (3, 5) (4, 3) (4, 5) (5, 3) (5, 4) (5, 5) (4, 6) (5, 6) (6, 5) (6, 6) (3, 6) (6, 3) (4, 7) (5, 7) (6, 7) (3, 7) (4, 8) (5, 8) (6, 8) (3, 8) (2, 4) (2, 5) (2, 6) (4, 9) (5, 9) (6, 9) (4, 2) (5, 2) (6, 2) (3, 2) (3, 9) (7, 5) (7, 6) (2, 3) (4, 4) (4, 5) (4, 6) (5, 6) (6, 4) (6, 5) (6, 6) (4, 7) (6, 7) (3, 5) (3, 6) (7, 6) (7, 7) (7, 4) (3, 8) (4, 8) (5, 8) (6, 8) (7, 8) (4, 9) (5, 9) (6, 9) (3, 9) (7, 9) 
Nodos Inspeccionados:      130
(4, 0) (5, 1) (4, 1) (5, 2) (4, 2) (5, 3) (3, 1) (5, 4) (6, 2) (6, 1) (3, 2) (5, 5) (6, 3) (5, 6) (6, 4) (5, 7) (2, 2) (6, 5) (2, 1) (5, 8) (7, 2) (6, 6) (7, 1) (5, 9) (5, 1) (5, 2) (5, 3) (5, 4) (4, 2) (4, 1) (5, 0) (6, 1) (5, 5) (6, 3) (5, 6) (6, 4) (4, 4) (5, 7) (6, 0) (6, 5) (4, 5) (4, 0) (5, 8) (3, 3) (6, 6) (3, 2) (7, 2) (7, 4) (5, 9) (5, 2) (5, 3) (5, 4) (5, 5) (6, 3) (4, 2) (5, 1) (6, 2) (5, 6) (4, 4) (4, 5) (6, 5) (4, 1) (6, 6) (3, 3) (4, 7) (3, 2) (7, 2) (5, 8) (3, 5) (4, 8) (3, 4) (7, 6) (3, 6) (5, 9) (5, 3) (4, 4) (6, 4) (4, 3) (5, 2) (5, 5) (4, 5) (6, 5) (5, 6) (6, 6) (4, 6) (5, 7) (6, 2) (4, 7) (6, 7) (4, 2) (7, 5) (3, 5) (5, 8) (4, 8) (7, 4) (6, 8) (3, 6) (7, 6) (3, 3) (5, 9) (4, 4) (5, 5) (4, 5) (5, 4) (5, 6) (4, 6) (5, 7) (4, 7) (3, 5) (5, 8) (5, 3) (4, 3) (4, 8) (6, 6) (3, 4) (3, 6) (6, 5) (5, 9) (5, 5) (5, 6) (4, 6) (6, 6) (4, 5) (6, 5) (4, 7) (6, 7) (5, 8) (4, 8) (6, 8) (5, 9) 
Pasos del Agente:          6
Costo Total del Camino:    24
========================
-----██---
-█---█----
-------███
----------
S---A-----
-A░A-AA**E
██--█-----
--███-----
----█-█---
-█-█--█-█-
----------
========================
Detalles del Laberinto:
Posición del Agente:       (5, 7)
Posición de la Salida:     (5, 9)
Porcentaje de Obstáculos:  15.4545%
Nodos Generados:           246
(3, 1) (4, 1) (5, 1) (4, 2) (5, 2) (6, 1) (6, 2) (3, 2) (5, 3) (6, 3) (5, 4) (6, 4) (2, 1) (2, 2) (5, 5) (6, 5) (7, 1) (7, 2) (5, 6) (6, 6) (4, 7) (5, 7) (6, 7) (4, 8) (5, 8) (6, 8) (1, 1) (1, 2) (5, 9) (8, 1) (8, 2) (7, 7) (4, 0) (4, 1) (4, 2) (5, 0) (5, 2) (6, 0) (6, 1) (5, 3) (6, 3) (4, 4) (5, 4) (6, 4) (4, 5) (5, 5) (6, 5) (3, 1) (3, 2) (3, 3) (3, 0) (7, 0) (7, 1) (7, 2) (5, 6) (6, 6) (7, 3) (7, 4) (4, 7) (5, 7) (6, 7) (7, 5) (3, 5) (4, 8) (5, 8) (6, 8) (7, 6) (3, 6) (4, 9) (5, 9) (6, 9) (2, 2) (2, 3) (2, 4) (7, 7) (2, 1) (8, 1) (8, 2) (8, 3) (8, 5) (4, 1) (4, 2) (5, 1) (5, 3) (6, 2) (6, 3) (4, 4) (5, 4) (4, 5) (5, 5) (6, 5) (5, 6) (6, 6) (7, 2) (3, 1) (3, 2) (3, 3) (4, 0) (7, 1) (4, 7) (3, 4) (3, 5) (3, 6) (7, 6) (3, 0) (2, 2) (2, 4) (3, 7) (3, 8) (4, 8) (5, 8) (2, 1) (8, 1) (8, 2) (8, 3) (4, 9) (5, 9) (6, 8) (6, 9) (2, 5) (3, 9) (8, 5) (8, 6) (8, 7) (2, 7) (4, 2) (4, 3) (4, 4) (5, 2) (6, 2) (6, 4) (3, 3) (3, 5) (4, 5) (5, 5) (6, 5) (7, 3) (7, 4) (7, 5) (3, 2) (4, 1) (5, 1) (6, 1) (4, 6) (5, 6) (6, 6) (3, 6) (7, 6) (4, 7) (5, 7) (6, 7) (7, 7) (4, 8) (5, 8) (6, 8) (7, 1) (7, 2) (3, 8) (7, 8) (3, 1) (8, 5) (8, 6) (2, 4) (2, 5) (2, 6) (5, 9) (6, 9) (3, 9) (7, 9) (2, 7) (2, 2) (2, 3) (3, 3) (3, 4) (3, 5) (4, 3) (4, 5) (5, 3) (5, 4) (5, 5) (4, 6) (5, 6) (6, 5) (6, 6) (3, 6) (6, 3) (4, 7) (5, 7) (6, 7) (3, 7) (4, 8) (5, 8) (6, 8) (3, 8) (2, 4) (2, 5) (2, 6) (4, 9) (5, 9) (6, 9) (4, 2) (5, 2) (6, 2) (3, 2) (3, 9) (7, 5) (7, 6) (2, 3) (4, 4) (4, 5) (4, 6) (5, 6) (6, 4) (6, 5) (6, 6) (4, 7) (6, 7) (3, 5) (3, 6) (7, 6) (7, 7) (7, 4) (3, 8) (4, 8) (5, 8) (6, 8) (7, 8) (4, 9) (5, 9) (6, 9) (3, 9) (7, 9) (4, 5) (4, 6) (4, 7) (5, 5) (5, 7) (6, 5) (6, 6) (6, 7) (4, 8) (5, 8) (6, 8) (4, 9) (5, 9) (6, 9) 
Nodos Inspeccionados:      134
(4, 0) (5, 1) (4, 1) (5, 2) (4, 2) (5, 3) (3, 1) (5, 4) (6, 2) (6, 1) (3, 2) (5, 5) (6, 3) (5, 6) (6, 4) (5, 7) (2, 2) (6, 5) (2, 1) (5, 8) (7, 2) (6, 6) (7, 1) (5, 9) (5, 1) (5, 2) (5, 3) (5, 4) (4, 2) (4, 1) (5, 0) (6, 1) (5, 5) (6, 3) (5, 6) (6, 4) (4, 4) (5, 7) (6, 0) (6, 5) (4, 5) (4, 0) (5, 8) (3, 3) (6, 6) (3, 2) (7, 2) (7, 4) (5, 9) (5, 2) (5, 3) (5, 4) (5, 5) (6, 3) (4, 2) (5, 1) (6, 2) (5, 6) (4, 4) (4, 5) (6, 5) (4, 1) (6, 6) (3, 3) (4, 7) (3, 2) (7, 2) (5, 8) (3, 5) (4, 8) (3, 4) (7, 6) (3, 6) (5, 9) (5, 3) (4, 4) (6, 4) (4, 3) (5, 2) (5, 5) (4, 5) (6, 5) (5, 6) (6, 6) (4, 6) (5, 7) (6, 2) (4, 7) (6, 7) (4, 2) (7, 5) (3, 5) (5, 8) (4, 8) (7, 4) (6, 8) (3, 6) (7, 6) (3, 3) (5, 9) (4, 4) (5, 5) (4, 5) (5, 4) (5, 6) (4, 6) (5, 7) (4, 7) (3, 5) (5, 8) (5, 3) (4, 3) (4, 8) (6, 6) (3, 4) (3, 6) (6, 5) (5, 9) (5, 5) (5, 6) (4, 6) (6, 6) (4, 5) (6, 5) (4, 7) (6, 7) (5, 8) (4, 8) (6, 8) (5, 9) (5, 6) (5, 7) (5, 8) (5, 9) 
Pasos del Agente:          7
Costo Total del Camino:    15
========================
------██--
--█-----█-
----------
█---█--█--
S---A-----
-░AA█AA░*E
--█----█--
-------█--
-█-█----██
----█-----
--█-------
========================
Detalles del Laberinto:
Posición del Agente:       (5, 8)
Posición de la Salida:     (5, 9)
Porcentaje de Obstáculos:  17.2727%
Nodos Generados:           256
(3, 1) (4, 1) (5, 1) (4, 2) (5, 2) (6, 1) (6, 2) (3, 2) (5, 3) (6, 3) (5, 4) (6, 4) (2, 1) (2, 2) (5, 5) (6, 5) (7, 1) (7, 2) (5, 6) (6, 6) (4, 7) (5, 7) (6, 7) (4, 8) (5, 8) (6, 8) (1, 1) (1, 2) (5, 9) (8, 1) (8, 2) (7, 7) (4, 0) (4, 1) (4, 2) (5, 0) (5, 2) (6, 0) (6, 1) (5, 3) (6, 3) (4, 4) (5, 4) (6, 4) (4, 5) (5, 5) (6, 5) (3, 1) (3, 2) (3, 3) (3, 0) (7, 0) (7, 1) (7, 2) (5, 6) (6, 6) (7, 3) (7, 4) (4, 7) (5, 7) (6, 7) (7, 5) (3, 5) (4, 8) (5, 8) (6, 8) (7, 6) (3, 6) (4, 9) (5, 9) (6, 9) (2, 2) (2, 3) (2, 4) (7, 7) (2, 1) (8, 1) (8, 2) (8, 3) (8, 5) (4, 1) (4, 2) (5, 1) (5, 3) (6, 2) (6, 3) (4, 4) (5, 4) (4, 5) (5, 5) (6, 5) (5, 6) (6, 6) (7, 2) (3, 1) (3, 2) (3, 3) (4, 0) (7, 1) (4, 7) (3, 4) (3, 5) (3, 6) (7, 6) (3, 0) (2, 2) (2, 4) (3, 7) (3, 8) (4, 8) (5, 8) (2, 1) (8, 1) (8, 2) (8, 3) (4, 9) (5, 9) (6, 8) (6, 9) (2, 5) (3, 9) (8, 5) (8, 6) (8, 7) (2, 7) (4, 2) (4, 3) (4, 4) (5, 2) (6, 2) (6, 4) (3, 3) (3, 5) (4, 5) (5, 5) (6, 5) (7, 3) (7, 4) (7, 5) (3, 2) (4, 1) (5, 1) (6, 1) (4, 6) (5, 6) (6, 6) (3, 6) (7, 6) (4, 7) (5, 7) (6, 7) (7, 7) (4, 8) (5, 8) (6, 8) (7, 1) (7, 2) (3, 8) (7, 8) (3, 1) (8, 5) (8, 6) (2, 4) (2, 5) (2, 6) (5, 9) (6, 9) (3, 9) (7, 9) (2, 7) (2, 2) (2, 3) (3, 3) (3, 4) (3, 5) (4, 3) (4, 5) (5, 3) (5, 4) (5, 5) (4, 6) (5, 6) (6, 5) (6, 6) (3, 6) (6, 3) (4, 7) (5, 7) (6, 7) (3, 7) (4, 8) (5, 8) (6, 8) (3, 8) (2, 4) (2, 5) (2, 6) (4, 9) (5, 9) (6, 9) (4, 2) (5, 2) (6, 2) (3, 2) (3, 9) (7, 5) (7, 6) (2, 3) (4, 4) (4, 5) (4, 6) (5, 6) (6, 4) (6, 5) (6, 6) (4, 7) (6, 7) (3, 5) (3, 6) (7, 6) (7, 7) (7, 4) (3, 8) (4, 8) (5, 8) (6, 8) (7, 8) (4, 9) (5, 9) (6, 9) (3, 9) (7, 9) (4, 5) (4, 6) (4, 7) (5, 5) (5, 7) (6, 5) (6, 6) (6, 7) (4, 8) (5, 8) (6, 8) (4, 9) (5, 9) (6, 9) (4, 6) (4, 7) (4, 8) (5, 6) (5, 8) (6, 6) (6, 8) (4, 9) (5, 9) (6, 9) 
Nodos Inspeccionados:      137
(4, 0) (5, 1) (4, 1) (5, 2) (4, 2) (5, 3) (3, 1) (5, 4) (6, 2) (6, 1) (3, 2) (5, 5) (6, 3) (5, 6) (6, 4) (5, 7) (2, 2) (6, 5) (2, 1) (5, 8) (7, 2) (6, 6) (7, 1) (5, 9) (5, 1) (5, 2) (5, 3) (5, 4) (4, 2) (4, 1) (5, 0) (6, 1) (5, 5) (6, 3) (5, 6) (6, 4) (4, 4) (5, 7) (6, 0) (6, 5) (4, 5) (4, 0) (5, 8) (3, 3) (6, 6) (3, 2) (7, 2) (7, 4) (5, 9) (5, 2) (5, 3) (5, 4) (5, 5) (6, 3) (4, 2) (5, 1) (6, 2) (5, 6) (4, 4) (4, 5) (6, 5) (4, 1) (6, 6) (3, 3) (4, 7) (3, 2) (7, 2) (5, 8) (3, 5) (4, 8) (3, 4) (7, 6) (3, 6) (5, 9) (5, 3) (4, 4) (6, 4) (4, 3) (5, 2) (5, 5) (4, 5) (6, 5) (5, 6) (6, 6) (4, 6) (5, 7) (6, 2) (4, 7) (6, 7) (4, 2) (7, 5) (3, 5) (5, 8) (4, 8) (7, 4) (6, 8) (3, 6) (7, 6) (3, 3) (5, 9) (4, 4) (5, 5) (4, 5) (5, 4) (5, 6) (4, 6) (5, 7) (4, 7) (3, 5) (5, 8) (5, 3) (4, 3) (4, 8) (6, 6) (3, 4) (3, 6) (6, 5) (5, 9) (5, 5) (5, 6) (4, 6) (6, 6) (4, 5) (6, 5) (4, 7) (6, 7) (5, 8) (4, 8) (6, 8) (5, 9) (5, 6) (5, 7) (5, 8) (5, 9) (5, 7) (5, 8) (5, 9) 
Pasos del Agente:          8
Costo Total del Camino:    10
========================
-----██---
-█---█----
-------███
----------
S---A-----
-A░A-AAAAE
██--█-----
---███----
------██--
-█-█--█-█-
----------
========================
Detalles del Laberinto:
Posición del Agente:       (5, 9)
Posición de la Salida:     (5, 9)
Porcentaje de Obstáculos:  18.1818%
Nodos Generados:           264
(3, 1) (4, 1) (5, 1) (4, 2) (5, 2) (6, 1) (6, 2) (3, 2) (5, 3) (6, 3) (5, 4) (6, 4) (2, 1) (2, 2) (5, 5) (6, 5) (7, 1) (7, 2) (5, 6) (6, 6) (4, 7) (5, 7) (6, 7) (4, 8) (5, 8) (6, 8) (1, 1) (1, 2) (5, 9) (8, 1) (8, 2) (7, 7) (4, 0) (4, 1) (4, 2) (5, 0) (5, 2) (6, 0) (6, 1) (5, 3) (6, 3) (4, 4) (5, 4) (6, 4) (4, 5) (5, 5) (6, 5) (3, 1) (3, 2) (3, 3) (3, 0) (7, 0) (7, 1) (7, 2) (5, 6) (6, 6) (7, 3) (7, 4) (4, 7) (5, 7) (6, 7) (7, 5) (3, 5) (4, 8) (5, 8) (6, 8) (7, 6) (3, 6) (4, 9) (5, 9) (6, 9) (2, 2) (2, 3) (2, 4) (7, 7) (2, 1) (8, 1) (8, 2) (8, 3) (8, 5) (4, 1) (4, 2) (5, 1) (5, 3) (6, 2) (6, 3) (4, 4) (5, 4) (4, 5) (5, 5) (6, 5) (5, 6) (6, 6) (7, 2) (3, 1) (3, 2) (3, 3) (4, 0) (7, 1) (4, 7) (3, 4) (3, 5) (3, 6) (7, 6) (3, 0) (2, 2) (2, 4) (3, 7) (3, 8) (4, 8) (5, 8) (2, 1) (8, 1) (8, 2) (8, 3) (4, 9) (5, 9) (6, 8) (6, 9) (2, 5) (3, 9) (8, 5) (8, 6) (8, 7) (2, 7) (4, 2) (4, 3) (4, 4) (5, 2) (6, 2) (6, 4) (3, 3) (3, 5) (4, 5) (5, 5) (6, 5) (7, 3) (7, 4) (7, 5) (3, 2) (4, 1) (5, 1) (6, 1) (4, 6) (5, 6) (6, 6) (3, 6) (7, 6) (4, 7) (5, 7) (6, 7) (7, 7) (4, 8) (5, 8) (6, 8) (7, 1) (7, 2) (3, 8) (7, 8) (3, 1) (8, 5) (8, 6) (2, 4) (2, 5) (2, 6) (5, 9) (6, 9) (3, 9) (7, 9) (2, 7) (2, 2) (2, 3) (3, 3) (3, 4) (3, 5) (4, 3) (4, 5) (5, 3) (5, 4) (5, 5) (4, 6) (5, 6) (6, 5) (6, 6) (3, 6) (6, 3) (4, 7) (5, 7) (6, 7) (3, 7) (4, 8) (5, 8) (6, 8) (3, 8) (2, 4) (2, 5) (2, 6) (4, 9) (5, 9) (6, 9) (4, 2) (5, 2) (6, 2) (3, 2) (3, 9) (7, 5) (7, 6) (2, 3) (4, 4) (4, 5) (4, 6) (5, 6) (6, 4) (6, 5) (6, 6) (4, 7) (6, 7) (3, 5) (3, 6) (7, 6) (7, 7) (7, 4) (3, 8) (4, 8) (5, 8) (6, 8) (7, 8) (4, 9) (5, 9) (6, 9) (3, 9) (7, 9) (4, 5) (4, 6) (4, 7) (5, 5) (5, 7) (6, 5) (6, 6) (6, 7) (4, 8) (5, 8) (6, 8) (4, 9) (5, 9) (6, 9) (4, 6) (4, 7) (4, 8) (5, 6) (5, 8) (6, 6) (6, 8) (4, 9) (5, 9) (6, 9) (4, 7) (4, 8) (4, 9) (5, 7) (5, 9) (6, 7) (6, 8) (6, 9) 
Nodos Inspeccionados:      139
(4, 0) (5, 1) (4, 1) (5, 2) (4, 2) (5, 3) (3, 1) (5, 4) (6, 2) (6, 1) (3, 2) (5, 5) (6, 3) (5, 6) (6, 4) (5, 7) (2, 2) (6, 5) (2, 1) (5, 8) (7, 2) (6, 6) (7, 1) (5, 9) (5, 1) (5, 2) (5, 3) (5, 4) (4, 2) (4, 1) (5, 0) (6, 1) (5, 5) (6, 3) (5, 6) (6, 4) (4, 4) (5, 7) (6, 0) (6, 5) (4, 5) (4, 0) (5, 8) (3, 3) (6, 6) (3, 2) (7, 2) (7, 4) (5, 9) (5, 2) (5, 3) (5, 4) (5, 5) (6, 3) (4, 2) (5, 1) (6, 2) (5, 6) (4, 4) (4, 5) (6, 5) (4, 1) (6, 6) (3, 3) (4, 7) (3, 2) (7, 2) (5, 8) (3, 5) (4, 8) (3, 4) (7, 6) (3, 6) (5, 9) (5, 3) (4, 4) (6, 4) (4, 3) (5, 2) (5, 5) (4, 5) (6, 5) (5, 6) (6, 6) (4, 6) (5, 7) (6, 2) (4, 7) (6, 7) (4, 2) (7, 5) (3, 5) (5, 8) (4, 8) (7, 4) (6, 8) (3, 6) (7, 6) (3, 3) (5, 9) (4, 4) (5, 5) (4, 5) (5, 4) (5, 6) (4, 6) (5, 7) (4, 7) (3, 5) (5, 8) (5, 3) (4, 3) (4, 8) (6, 6) (3, 4) (3, 6) (6, 5) (5, 9) (5, 5) (5, 6) (4, 6) (6, 6) (4, 5) (6, 5) (4, 7) (6, 7) (5, 8) (4, 8) (6, 8) (5, 9) (5, 6) (5, 7) (5, 8) (5, 9) (5, 7) (5, 8) (5, 9) (5, 8) (5, 9) 
Pasos del Agente:          9
Costo Total del Camino:    5
========================
