Laberinto Inicial:
██████████
█--█-----█
█--█-----█
█--█--█--█
S--████--█
█--------E
█--------█
█--████--█
█--█-----█
█--█-----█
██████████
========================
Detalles del Laberinto:
Posición del Agente:       (4, 0)
Posición de la Salida:     (5, 9)
Porcentaje de Obstáculos:  45.4545%
Nodos Generados:           0

Nodos Inspeccionados:      0

Camino del Agente:         
Pasos del Agente:          0
Costo Total del Camino:    0
========================
██████████
█--█-----█
█--█-----█
█--█--█--█
S--████--█
█A*******E
█--------█
█--████--█
█--█-----█
█--█-----█
██████████
========================
Detalles del Laberinto:
Posición del Agente:       (5, 1)
Posición de la Salida:     (5, 9)
Porcentaje de Obstáculos:  45.4545%
Nodos Generados:           32
(3, 1) (4, 1) (5, 1) (4, 2) (5, 2) (6, 1) (6, 2) (3, 2) (5, 3) (6, 3) (5, 4) (6, 4) (2, 1) (2, 2) (5, 5) (6, 5) (7, 1) (7, 2) (5, 6) (6, 6) (4, 7) (5, 7) (6, 7) (4, 8) (5, 8) (6, 8) (1, 1) (1, 2) (5, 9) (8, 1) (8, 2) (7, 7) 
Nodos Inspeccionados:      24
(4, 0) (5, 1) (4, 1) (5, 2) (4, 2) (5, 3) (3, 1) (5, 4) (6, 2) (6, 1) (3, 2) (5, 5) (6, 3) (5, 6) (6, 4) (5, 7) (2, 2) (6, 5) (2, 1) (5, 8) (7, 2) (6, 6) (7, 1) (5, 9) 
Camino del Agente:         (5, 1) 
Pasos del Agente:          1
Costo Total del Camino:    7
========================
----------
-█-█------
--------█-
-------██-
S--*█-----
-░A█*****E
█---------
-----██---
-----█----
-█--█-----
█---------
========================
Detalles del Laberinto:
Posición del Agente:       (5, 2)
Posición de la Salida:     (5, 9)
Porcentaje de Obstáculos:  12.7273%
Nodos Generados:           86
(3, 1) (4, 1) (5, 1) (4, 2) (5, 2) (6, 1) (6, 2) (3, 2) (5, 3) (6, 3) (5, 4) (6, 4) (2, 1) (2, 2) (5, 5) (6, 5) (7, 1) (7, 2) (5, 6) (6, 6) (4, 7) (5, 7) (6, 7) (4, 8) (5, 8) (6, 8) (1, 1) (1, 2) (5, 9) (8, 1) (8, 2) (7, 7) (4, 0) (4, 1) (4, 2) (5, 0) (5, 2) (6, 1) (6, 2) (4, 3) (6, 3) (3, 1) (3, 2) (3, 3) (7, 1) (7, 2) (7, 3) (3, 0) (7, 0) (3, 4) (5, 4) (6, 4) (7, 4) (4, 5) (5, 5) (6, 5) (4, 6) (5, 6) (6, 6) (2, 2) (2, 3) (2, 4) (8, 2) (8, 3) (8, 4) (4, 7) (5, 7) (6, 7) (8, 1) (2, 1) (7, 7) (8, 0) (2, 0) (4, 8) (5, 8) (6, 8) (2, 5) (3, 5) (7, 8) (3, 6) (4, 9) (5, 9) (6, 9) (2, 6) (7, 9) (2, 7) 
Nodos Inspeccionados:      57
(4, 0) (5, 1) (4, 1) (5, 2) (4, 2) (5, 3) (3, 1) (5, 4) (6, 2) (6, 1) (3, 2) (5, 5) (6, 3) (5, 6) (6, 4) (5, 7) (2, 2) (6, 5) (2, 1) (5, 8) (7, 2) (6, 6) (7, 1) (5, 9) (5, 1) (5, 2) (4, 2) (6, 2) (4, 1) (5, 0) (6, 1) (4, 3) (6, 3) (5, 4) (6, 4) (5, 5) (4, 0) (6, 5) (3, 3) (7, 3) (5, 6) (7, 2) (3, 2) (6, 6) (7, 1) (7, 4) (3, 1) (5, 7) (3, 4) (6, 7) (4, 5) (5, 8) (3, 5) (6, 8) (4, 6) (3, 6) (5, 9) 
Camino del Agente:         (5, 1) (5, 2) 
Pasos del Agente:          2
Costo Total del Camino:    12
========================
--------██
---█--██--
----------
----------
S█--█-*---
-A░A█*█**E
█-█-*-██--
-----███--
██-██----█
--█--██---
-----█--█-
========================
Detalles del Laberinto:
Posición del Agente:       (5, 3)
Posición de la Salida:     (5, 9)
Porcentaje de Obstáculos:  23.6364%
Nodos Generados:           138
(3, 1) (4, 1) (5, 1) (4, 2) (5, 2) (6, 1) (6, 2) (3, 2) (5, 3) (6, 3) (5, 4) (6, 4) (2, 1) (2, 2) (5, 5) (6, 5) (7, 1) (7, 2) (5, 6) (6, 6) (4, 7) (5, 7) (6, 7) (4, 8) (5, 8) (6, 8) (1, 1) (1, 2) (5, 9) (8, 1) (8, 2) (7, 7) (4, 0) (4, 1) (4, 2) (5, 0) (5, 2) (6, 1) (6, 2) (4, 3) (6, 3) (3, 1) (3, 2) (3, 3) (7, 1) (7, 2) (7, 3) (3, 0) (7, 0) (3, 4) (5, 4) (6, 4) (7, 4) (4, 5) (5, 5) (6, 5) (4, 6) (5, 6) (6, 6) (2, 2) (2, 3) (2, 4) (8, 2) (8, 3) (8, 4) (4, 7) (5, 7) (6, 7) (8, 1) (2, 1) (7, 7) (8, 0) (2, 0) (4, 8) (5, 8) (6, 8) (2, 5) (3, 5) (7, 8) (3, 6) (4, 9) (5, 9) (6, 9) (2, 6) (7, 9) (2, 7) (4, 2) (4, 3) (5, 1) (5, 3) (6, 1) (6, 3) (6, 4) (3, 2) (3, 3) (3, 4) (7, 2) (7, 3) (7, 4) (3, 1) (4, 0) (5, 0) (5, 5) (6, 5) (4, 5) (4, 6) (7, 0) (7, 1) (2, 3) (2, 4) (2, 5) (3, 5) (8, 5) (2, 2) (8, 2) (3, 6) (2, 1) (2, 6) (3, 7) (4, 7) (5, 7) (2, 7) (4, 8) (5, 8) (6, 8) (3, 8) (2, 8) (4, 9) (5, 9) (6, 9) (1, 4) (1, 5) (3, 0) (3, 9) (8, 6) (9, 4) (2, 0) (2, 9) 
Nodos Inspeccionados:      91
(4, 0) (5, 1) (4, 1) (5, 2) (4, 2) (5, 3) (3, 1) (5, 4) (6, 2) (6, 1) (3, 2) (5, 5) (6, 3) (5, 6) (6, 4) (5, 7) (2, 2) (6, 5) (2, 1) (5, 8) (7, 2) (6, 6) (7, 1) (5, 9) (5, 1) (5, 2) (4, 2) (6, 2) (4, 1) (5, 0) (6, 1) (4, 3) (6, 3) (5, 4) (6, 4) (5, 5) (4, 0) (6, 5) (3, 3) (7, 3) (5, 6) (7, 2) (3, 2) (6, 6) (7, 1) (7, 4) (3, 1) (5, 7) (3, 4) (6, 7) (4, 5) (5, 8) (3, 5) (6, 8) (4, 6) (3, 6) (5, 9) (5, 2) (5, 3) (4, 3) (6, 3) (4, 2) (5, 1) (6, 4) (5, 5) (6, 5) (6, 1) (3, 4) (7, 4) (3, 3) (7, 3) (4, 5) (3, 2) (5, 0) (3, 5) (4, 6) (3, 6) (5, 7) (4, 7) (3, 7) (7, 2) (5, 8) (2, 5) (4, 0) (4, 8) (8, 5) (7, 1) (3, 1) (3, 8) (2, 4) (5, 9) 
Camino del Agente:         (5, 1) (5, 2) (5, 3) 
Pasos del Agente:          3
Costo Total del Camino:    17
========================
----------
-██-------
█-█--█----
----------
S--█------
-░A░A****E
█--------█
-----██--█
-----█-█--
██-█----█-
---█--█---
========================
Detalles del Laberinto:
Posición del Agente:       (5, 4)
Posición de la Salida:     (5, 9)
Porcentaje de Obstáculos:  17.2727%
Nodos Generados:           171
(3, 1) (4, 1) (5, 1) (4, 2) (5, 2) (6, 1) (6, 2) (3, 2) (5, 3) (6, 3) (5, 4) (6, 4) (2, 1) (2, 2) (5, 5) (6, 5) (7, 1) (7, 2) (5, 6) (6, 6) (4, 7) (5, 7) (6, 7) (4, 8) (5, 8) (6, 8) (1, 1) (1, 2) (5, 9) (8, 1) (8, 2) (7, 7) (4, 0) (4, 1) (4, 2) (5, 0) (5, 2) (6, 1) (6, 2) (4, 3) (6, 3) (3, 1) (3, 2) (3, 3) (7, 1) (7, 2) (7, 3) (3, 0) (7, 0) (3, 4) (5, 4) (6, 4) (7, 4) (4, 5) (5, 5) (6, 5) (4, 6) (5, 6) (6, 6) (2, 2) (2, 3) (2, 4) (8, 2) (8, 3) (8, 4) (4, 7) (5, 7) (6, 7) (8, 1) (2, 1) (7, 7) (8, 0) (2, 0) (4, 8) (5, 8) (6, 8) (2, 5) (3, 5) (7, 8) (3, 6) (4, 9) (5, 9) (6, 9) (2, 6) (7, 9) (2, 7) (4, 2) (4, 3) (5, 1) (5, 3) (6, 1) (6, 3) (6, 4) (3, 2) (3, 3) (3, 4) (7, 2) (7, 3) (7, 4) (3, 1) (4, 0) (5, 0) (5, 5) (6, 5) (4, 5) (4, 6) (7, 0) (7, 1) (2, 3) (2, 4) (2, 5) (3, 5) (8, 5) (2, 2) (8, 2) (3, 6) (2, 1) (2, 6) (3, 7) (4, 7) (5, 7) (2, 7) (4, 8) (5, 8) (6, 8) (3, 8) (2, 8) (4, 9) (5, 9) (6, 9) (1, 4) (1, 5) (3, 0) (3, 9) (8, 6) (9, 4) (2, 0) (2, 9) (4, 2) (4, 4) (5, 2) (5, 4) (6, 2) (6, 3) (6, 4) (4, 5) (5, 5) (6, 5) (4, 6) (5, 6) (6, 6) (4, 7) (5, 7) (6, 7) (3, 3) (3, 4) (3, 5) (7, 3) (7, 4) (4, 1) (5, 1) (6, 1) (4, 8) (5, 8) (6, 8) (7, 2) (3, 6) (4, 9) (5, 9) (7, 7) (3, 7) 
Nodos Inspeccionados:      106
(4, 0) (5, 1) (4, 1) (5, 2) (4, 2) (5, 3) (3, 1) (5, 4) (6, 2) (6, 1) (3, 2) (5, 5) (6, 3) (5, 6) (6, 4) (5, 7) (2, 2) (6, 5) (2, 1) (5, 8) (7, 2) (6, 6) (7, 1) (5, 9) (5, 1) (5, 2) (4, 2) (6, 2) (4, 1) (5, 0) (6, 1) (4, 3) (6, 3) (5, 4) (6, 4) (5, 5) (4, 0) (6, 5) (3, 3) (7, 3) (5, 6) (7, 2) (3, 2) (6, 6) (7, 1) (7, 4) (3, 1) (5, 7) (3, 4) (6, 7) (4, 5) (5, 8) (3, 5) (6, 8) (4, 6) (3, 6) (5, 9) (5, 2) (5, 3) (4, 3) (6, 3) (4, 2) (5, 1) (6, 4) (5, 5) (6, 5) (6, 1) (3, 4) (7, 4) (3, 3) (7, 3) (4, 5) (3, 2) (5, 0) (3, 5) (4, 6) (3, 6) (5, 7) (4, 7) (3, 7) (7, 2) (5, 8) (2, 5) (4, 0) (4, 8) (8, 5) (7, 1) (3, 1) (3, 8) (2, 4) (5, 9) (5, 3) (5, 4) (5, 5) (5, 6) (4, 4) (6, 4) (5, 2) (5, 7) (6, 3) (6, 5) (4, 5) (5, 8) (6, 6) (4, 6) (5, 9) 
Camino del Agente:         (5, 1) (5, 2) (5, 3) (5, 4) 
Pasos del Agente:          4
Costo Total del Camino:    22
========================
--------██
-------█--
--------██
----------
S---------
-A░A░A***E
█-----██--
-----███--
██--█---██
----███---
-----█----
========================
Detalles del Laberinto:
Posición del Agente:       (5, 5)
Posición de la Salida:     (5, 9)
Porcentaje de Obstáculos:  18.1818%
Nodos Generados:           199
(3, 1) (4, 1) (5, 1) (4, 2) (5, 2) (6, 1) (6, 2) (3, 2) (5, 3) (6, 3) (5, 4) (6, 4) (2, 1) (2, 2) (5, 5) (6, 5) (7, 1) (7, 2) (5, 6) (6, 6) (4, 7) (5, 7) (6, 7) (4, 8) (5, 8) (6, 8) (1, 1) (1, 2) (5, 9) (8, 1) (8, 2) (7, 7) (4, 0) (4, 1) (4, 2) (5, 0) (5, 2) (6, 1) (6, 2) (4, 3) (6, 3) (3, 1) (3, 2) (3, 3) (7, 1) (7, 2) (7, 3) (3, 0) (7, 0) (3, 4) (5, 4) (6, 4) (7, 4) (4, 5) (5, 5) (6, 5) (4, 6) (5, 6) (6, 6) (2, 2) (2, 3) (2, 4) (8, 2) (8, 3) (8, 4) (4, 7) (5, 7) (6, 7) (8, 1) (2, 1) (7, 7) (8, 0) (2, 0) (4, 8) (5, 8) (6, 8) (2, 5) (3, 5) (7, 8) (3, 6) (4, 9) (5, 9) (6, 9) (2, 6) (7, 9) (2, 7) (4, 2) (4, 3) (5, 1) (5, 3) (6, 1) (6, 3) (6, 4) (3, 2) (3, 3) (3, 4) (7, 2) (7, 3) (7, 4) (3, 1) (4, 0) (5, 0) (5, 5) (6, 5) (4, 5) (4, 6) (7, 0) (7, 1) (2, 3) (2, 4) (2, 5) (3, 5) (8, 5) (2, 2) (8, 2) (3, 6) (2, 1) (2, 6) (3, 7) (4, 7) (5, 7) (2, 7) (4, 8) (5, 8) (6, 8) (3, 8) (2, 8) (4, 9) (5, 9) (6, 9) (1, 4) (1, 5) (3, 0) (3, 9) (8, 6) (9, 4) (2, 0) (2, 9) (4, 2) (4, 4) (5, 2) (5, 4) (6, 2) (6, 3) (6, 4) (4, 5) (5, 5) (6, 5) (4, 6) (5, 6) (6, 6) (4, 7) (5, 7) (6, 7) (3, 3) (3, 4) (3, 5) (7, 3) (7, 4) (4, 1) (5, 1) (6, 1) (4, 8) (5, 8) (6, 8) (7, 2) (3, 6) (4, 9) (5, 9) (7, 7) (3, 7) (4, 3) (4, 4) (4, 5) (5, 3) (5, 5) (6, 3) (6, 4) (6, 5) (4, 6) (5, 6) (4, 7) (5, 7) (4, 8) (5, 8) (6, 8) (3, 4) (3, 5) (3, 6) (7, 4) (3, 3) (4, 2) (5, 2) (6, 2) (7, 3) (4, 9) (5, 9) (6, 9) (3, 7) 
Nodos Inspeccionados:      118
(4, 0) (5, 1) (4, 1) (5, 2) (4, 2) (5, 3) (3, 1) (5, 4) (6, 2) (6, 1) (3, 2) (5, 5) (6, 3) (5, 6) (6, 4) (5, 7) (2, 2) (6, 5) (2, 1) (5, 8) (7, 2) (6, 6) (7, 1) (5, 9) (5, 1) (5, 2) (4, 2) (6, 2) (4, 1) (5, 0) (6, 1) (4, 3) (6, 3) (5, 4) (6, 4) (5, 5) (4, 0) (6, 5) (3, 3) (7, 3) (5, 6) (7, 2) (3, 2) (6, 6) (7, 1) (7, 4) (3, 1) (5, 7) (3, 4) (6, 7) (4, 5) (5, 8) (3, 5) (6, 8) (4, 6) (3, 6) (5, 9) (5, 2) (5, 3) (4, 3) (6, 3) (4, 2) (5, 1) (6, 4) (5, 5) (6, 5) (6, 1) (3, 4) (7, 4) (3, 3) (7, 3) (4, 5) (3, 2) (5, 0) (3, 5) (4, 6) (3, 6) (5, 7) (4, 7) (3, 7) (7, 2) (5, 8) (2, 5) (4, 0) (4, 8) (8, 5) (7, 1) (3, 1) (3, 8) (2, 4) (5, 9) (5, 3) (5, 4) (5, 5) (5, 6) (4, 4) (6, 4) (5, 2) (5, 7) (6, 3) (6, 5) (4, 5) (5, 8) (6, 6) (4, 6) (5, 9) (5, 4) (5, 5) (5, 6) (5, 7) (4, 5) (6, 5) (4, 4) (5, 3) (6, 4) (5, 8) (4, 6) (5, 9) 
Camino del Agente:         (5, 1) (5, 2) (5, 3) (5, 4) (5, 5) 
Pasos del Agente:          5
Costo Total del Camino:    27
========================
----------
-██-------
█-█--█----
----------
S-----A---
-░A░AA█**E
--█------█
-----██--█
---█-█----
███-----█-
---█--█-█-
========================
Detalles del Laberinto:
Posición del Agente:       (4, 6)
Posición de la Salida:     (5, 9)
Porcentaje de Obstáculos:  18.1818%
Nodos Generados:           226
(3, 1) (4, 1) (5, 1) (4, 2) (5, 2) (6, 1) (6, 2) (3, 2) (5, 3) (6, 3) (5, 4) (6, 4) (2, 1) (2, 2) (5, 5) (6, 5) (7, 1) (7, 2) (5, 6) (6, 6) (4, 7) (5, 7) (6, 7) (4, 8) (5, 8) (6, 8) (1, 1) (1, 2) (5, 9) (8, 1) (8, 2) (7, 7) (4, 0) (4, 1) (4, 2) (5, 0) (5, 2) (6, 1) (6, 2) (4, 3) (6, 3) (3, 1) (3, 2) (3, 3) (7, 1) (7, 2) (7, 3) (3, 0) (7, 0) (3, 4) (5, 4) (6, 4) (7, 4) (4, 5) (5, 5) (6, 5) (4, 6) (5, 6) (6, 6) (2, 2) (2, 3) (2, 4) (8, 2) (8, 3) (8, 4) (4, 7) (5, 7) (6, 7) (8, 1) (2, 1) (7, 7) (8, 0) (2, 0) (4, 8) (5, 8) (6, 8) (2, 5) (3, 5) (7, 8) (3, 6) (4, 9) (5, 9) (6, 9) (2, 6) (7, 9) (2, 7) (4, 2) (4, 3) (5, 1) (5, 3) (6, 1) (6, 3) (6, 4) (3, 2) (3, 3) (3, 4) (7, 2) (7, 3) (7, 4) (3, 1) (4, 0) (5, 0) (5, 5) (6, 5) (4, 5) (4, 6) (7, 0) (7, 1) (2, 3) (2, 4) (2, 5) (3, 5) (8, 5) (2, 2) (8, 2) (3, 6) (2, 1) (2, 6) (3, 7) (4, 7) (5, 7) (2, 7) (4, 8) (5, 8) (6, 8) (3, 8) (2, 8) (4, 9) (5, 9) (6, 9) (1, 4) (1, 5) (3, 0) (3, 9) (8, 6) (9, 4) (2, 0) (2, 9) (4, 2) (4, 4) (5, 2) (5, 4) (6, 2) (6, 3) (6, 4) (4, 5) (5, 5) (6, 5) (4, 6) (5, 6) (6, 6) (4, 7) (5, 7) (6, 7) (3, 3) (3, 4) (3, 5) (7, 3) (7, 4) (4, 1) (5, 1) (6, 1) (4, 8) (5, 8) (6, 8) (7, 2) (3, 6) (4, 9) (5, 9) (7, 7) (3, 7) (4, 3) (4, 4) (4, 5) (5, 3) (5, 5) (6, 3) (6, 4) (6, 5) (4, 6) (5, 6) (4, 7) (5, 7) (4, 8) (5, 8) (6, 8) (3, 4) (3, 5) (3, 6) (7, 4) (3, 3) (4, 2) (5, 2) (6, 2) (7, 3) (4, 9) (5, 9) (6, 9) (3, 7) (4, 4) (4, 5) (4, 6) (5, 4) (6, 4) (6, 5) (6, 6) (3, 5) (3, 6) (3, 7) (4, 7) (5, 7) (6, 7) (7, 7) (3, 4) (4, 3) (5, 3) (6, 3) (7, 4) (4, 8) (5, 8) (6, 8) (3, 8) (7, 8) (4, 9) (5, 9) (3, 9) 
Nodos Inspeccionados:      131
(4, 0) (5, 1) (4, 1) (5, 2) (4, 2) (5, 3) (3, 1) (5, 4) (6, 2) (6, 1) (3, 2) (5, 5) (6, 3) (5, 6) (6, 4) (5, 7) (2, 2) (6, 5) (2, 1) (5, 8) (7, 2) (6, 6) (7, 1) (5, 9) (5, 1) (5, 2) (4, 2) (6, 2) (4, 1) (5, 0) (6, 1) (4, 3) (6, 3) (5, 4) (6, 4) (5, 5) (4, 0) (6, 5) (3, 3) (7, 3) (5, 6) (7, 2) (3, 2) (6, 6) (7, 1) (7, 4) (3, 1) (5, 7) (3, 4) (6, 7) (4, 5) (5, 8) (3, 5) (6, 8) (4, 6) (3, 6) (5, 9) (5, 2) (5, 3) (4, 3) (6, 3) (4, 2) (5, 1) (6, 4) (5, 5) (6, 5) (6, 1) (3, 4) (7, 4) (3, 3) (7, 3) (4, 5) (3, 2) (5, 0) (3, 5) (4, 6) (3, 6) (5, 7) (4, 7) (3, 7) (7, 2) (5, 8) (2, 5) (4, 0) (4, 8) (8, 5) (7, 1) (3, 1) (3, 8) (2, 4) (5, 9) (5, 3) (5, 4) (5, 5) (5, 6) (4, 4) (6, 4) (5, 2) (5, 7) (6, 3) (6, 5) (4, 5) (5, 8) (6, 6) (4, 6) (5, 9) (5, 4) (5, 5) (5, 6) (5, 7) (4, 5) (6, 5) (4, 4) (5, 3) (6, 4) (5, 8) (4, 6) (5, 9) (5, 5) (4, 6) (6, 6) (4, 5) (5, 4) (6, 5) (5, 7) (4, 7) (6, 7) (5, 8) (6, 8) (4, 8) (5, 9) 
Camino del Agente:         (5, 1) (5, 2) (5, 3) (5, 4) (5, 5) (4, 6) 
Pasos del Agente:          6
Costo Total del Camino:    34
========================
--------██
-------█--
--------██
----------
S-----A---
-A░A░A-A*E
------█---
-----███--
██--█--█-█
---██-█---
-----█----
========================
Detalles del Laberinto:
Posición del Agente:       (5, 7)
Posición de la Salida:     (5, 9)
Porcentaje de Obstáculos:  16.3636%
Nodos Generados:           244
(3, 1) (4, 1) (5, 1) (4, 2) (5, 2) (6, 1) (6, 2) (3, 2) (5, 3) (6, 3) (5, 4) (6, 4) (2, 1) (2, 2) (5, 5) (6, 5) (7, 1) (7, 2) (5, 6) (6, 6) (4, 7) (5, 7) (6, 7) (4, 8) (5, 8) (6, 8) (1, 1) (1, 2) (5, 9) (8, 1) (8, 2) (7, 7) (4, 0) (4, 1) (4, 2) (5, 0) (5, 2) (6, 1) (6, 2) (4, 3) (6, 3) (3, 1) (3, 2) (3, 3) (7, 1) (7, 2) (7, 3) (3, 0) (7, 0) (3, 4) (5, 4) (6, 4) (7, 4) (4, 5) (5, 5) (6, 5) (4, 6) (5, 6) (6, 6) (2, 2) (2, 3) (2, 4) (8, 2) (8, 3) (8, 4) (4, 7) (5, 7) (6, 7) (8, 1) (2, 1) (7, 7) (8, 0) (2, 0) (4, 8) (5, 8) (6, 8) (2, 5) (3, 5) (7, 8) (3, 6) (4, 9) (5, 9) (6, 9) (2, 6) (7, 9) (2, 7) (4, 2) (4, 3) (5, 1) (5, 3) (6, 1) (6, 3) (6, 4) (3, 2) (3, 3) (3, 4) (7, 2) (7, 3) (7, 4) (3, 1) (4, 0) (5, 0) (5, 5) (6, 5) (4, 5) (4, 6) (7, 0) (7, 1) (2, 3) (2, 4) (2, 5) (3, 5) (8, 5) (2, 2) (8, 2) (3, 6) (2, 1) (2, 6) (3, 7) (4, 7) (5, 7) (2, 7) (4, 8) (5, 8) (6, 8) (3, 8) (2, 8) (4, 9) (5, 9) (6, 9) (1, 4) (1, 5) (3, 0) (3, 9) (8, 6) (9, 4) (2, 0) (2, 9) (4, 2) (4, 4) (5, 2) (5, 4) (6, 2) (6, 3) (6, 4) (4, 5) (5, 5) (6, 5) (4, 6) (5, 6) (6, 6) (4, 7) (5, 7) (6, 7) (3, 3) (3, 4) (3, 5) (7, 3) (7, 4) (4, 1) (5, 1) (6, 1) (4, 8) (5, 8) (6, 8) (7, 2) (3, 6) (4, 9) (5, 9) (7, 7) (3, 7) (4, 3) (4, 4) (4, 5) (5, 3) (5, 5) (6, 3) (6, 4) (6, 5) (4, 6) (5, 6) (4, 7) (5, 7) (4, 8) (5, 8) (6, 8) (3, 4) (3, 5) (3, 6) (7, 4) (3, 3) (4, 2) (5, 2) (6, 2) (7, 3) (4, 9) (5, 9) (6, 9) (3, 7) (4, 4) (4, 5) (4, 6) (5, 4) (6, 4) (6, 5) (6, 6) (3, 5) (3, 6) (3, 7) (4, 7) (5, 7) (6, 7) (7, 7) (3, 4) (4, 3) (5, 3) (6, 3) (7, 4) (4, 8) (5, 8) (6, 8) (3, 8) (7, 8) (4, 9) (5, 9) (3, 9) (3, 5) (3, 6) (3, 7) (4, 5) (4, 7) (5, 5) (5, 6) (5, 7) (4, 8) (5, 8) (6, 7) (6, 8) (3, 8) (6, 5) (4, 9) (5, 9) (6, 9) (3, 9) 
Nodos Inspeccionados:      138
(4, 0) (5, 1) (4, 1) (5, 2) (4, 2) (5, 3) (3, 1) (5, 4) (6, 2) (6, 1) (3, 2) (5, 5) (6, 3) (5, 6) (6, 4) (5, 7) (2, 2) (6, 5) (2, 1) (5, 8) (7, 2) (6, 6) (7, 1) (5, 9) (5, 1) (5, 2) (4, 2) (6, 2) (4, 1) (5, 0) (6, 1) (4, 3) (6, 3) (5, 4) (6, 4) (5, 5) (4, 0) (6, 5) (3, 3) (7, 3) (5, 6) (7, 2) (3, 2) (6, 6) (7, 1) (7, 4) (3, 1) (5, 7) (3, 4) (6, 7) (4, 5) (5, 8) (3, 5) (6, 8) (4, 6) (3, 6) (5, 9) (5, 2) (5, 3) (4, 3) (6, 3) (4, 2) (5, 1) (6, 4) (5, 5) (6, 5) (6, 1) (3, 4) (7, 4) (3, 3) (7, 3) (4, 5) (3, 2) (5, 0) (3, 5) (4, 6) (3, 6) (5, 7) (4, 7) (3, 7) (7, 2) (5, 8) (2, 5) (4, 0) (4, 8) (8, 5) (7, 1) (3, 1) (3, 8) (2, 4) (5, 9) (5, 3) (5, 4) (5, 5) (5, 6) (4, 4) (6, 4) (5, 2) (5, 7) (6, 3) (6, 5) (4, 5) (5, 8) (6, 6) (4, 6) (5, 9) (5, 4) (5, 5) (5, 6) (5, 7) (4, 5) (6, 5) (4, 4) (5, 3) (6, 4) (5, 8) (4, 6) (5, 9) (5, 5) (4, 6) (6, 6) (4, 5) (5, 4) (6, 5) (5, 7) (4, 7) (6, 7) (5, 8) (6, 8) (4, 8) (5, 9) (4, 6) (5, 7) (4, 7) (5, 6) (5, 8) (4, 8) (5, 9) 
Camino del Agente:         (5, 1) (5, 2) (5, 3) (5, 4) (5, 5) (4, 6) (5, 7) 
Pasos del Agente:          7
Costo Total del Camino:    41
========================
----------
-██-------
█-█--█----
----------
S-----A---
-░A░AA█AAE
-------█-█
-----██--█
---█-█----
███-----█-
---█--█-█-
========================
Detalles del Laberinto:
Posición del Agente:       (5, 8)
Posición de la Salida:     (5, 9)
Porcentaje de Obstáculos:  18.1818%
Nodos Generados:           252
(3, 1) (4, 1) (5, 1) (4, 2) (5, 2) (6, 1) (6, 2) (3, 2) (5, 3) (6, 3) (5, 4) (6, 4) (2, 1) (2, 2) (5, 5) (6, 5) (7, 1) (7, 2) (5, 6) (6, 6) (4, 7) (5, 7) (6, 7) (4, 8) (5, 8) (6, 8) (1, 1) (1, 2) (5, 9) (8, 1) (8, 2) (7, 7) (4, 0) (4, 1) (4, 2) (5, 0) (5, 2) (6, 1) (6, 2) (4, 3) (6, 3) (3, 1) (3, 2) (3, 3) (7, 1) (7, 2) (7, 3) (3, 0) (7, 0) (3, 4) (5, 4) (6, 4) (7, 4) (4, 5) (5, 5) (6, 5) (4, 6) (5, 6) (6, 6) (2, 2) (2, 3) (2, 4) (8, 2) (8, 3) (8, 4) (4, 7) (5, 7) (6, 7) (8, 1) (2, 1) (7, 7) (8, 0) (2, 0) (4, 8) (5, 8) (6, 8) (2, 5) (3, 5) (7, 8) (3, 6) (4, 9) (5, 9) (6, 9) (2, 6) (7, 9) (2, 7) (4, 2) (4, 3) (5, 1) (5, 3) (6, 1) (6, 3) (6, 4) (3, 2) (3, 3) (3, 4) (7, 2) (7, 3) (7, 4) (3, 1) (4, 0) (5, 0) (5, 5) (6, 5) (4, 5) (4, 6) (7, 0) (7, 1) (2, 3) (2, 4) (2, 5) (3, 5) (8, 5) (2, 2) (8, 2) (3, 6) (2, 1) (2, 6) (3, 7) (4, 7) (5, 7) (2, 7) (4, 8) (5, 8) (6, 8) (3, 8) (2, 8) (4, 9) (5, 9) (6, 9) (1, 4) (1, 5) (3, 0) (3, 9) (8, 6) (9, 4) (2, 0) (2, 9) (4, 2) (4, 4) (5, 2) (5, 4) (6, 2) (6, 3) (6, 4) (4, 5) (5, 5) (6, 5) (4, 6) (5, 6) (6, 6) (4, 7) (5, 7) (6, 7) (3, 3) (3, 4) (3, 5) (7, 3) (7, 4) (4, 1) (5, 1) (6, 1) (4, 8) (5, 8) (6, 8) (7, 2) (3, 6) (4, 9) (5, 9) (7, 7) (3, 7) (4, 3) (4, 4) (4, 5) (5, 3) (5, 5) (6, 3) (6, 4) (6, 5) (4, 6) (5, 6) (4, 7) (5, 7) (4, 8) (5, 8) (6, 8) (3, 4) (3, 5) (3, 6) (7, 4) (3, 3) (4, 2) (5, 2) (6, 2) (7, 3) (4, 9) (5, 9) (6, 9) (3, 7) (4, 4) (4, 5) (4, 6) (5, 4) (6, 4) (6, 5) (6, 6) (3, 5) (3, 6) (3, 7) (4, 7) (5, 7) (6, 7) (7, 7) (3, 4) (4, 3) (5, 3) (6, 3) (7, 4) (4, 8) (5, 8) (6, 8) (3, 8) (7, 8) (4, 9) (5, 9) (3, 9) (3, 5) (3, 6) (3, 7) (4, 5) (4, 7) (5, 5) (5, 6) (5, 7) (4, 8) (5, 8) (6, 7) (6, 8) (3, 8) (6, 5) (4, 9) (5, 9) (6, 9) (3, 9) (4, 6) (4, 7) (4, 8) (5, 8) (6, 6) (6, 8) (4, 9) (5, 9) 
Nodos Inspeccionados:      141
(4, 0) (5, 1) (4, 1) (5, 2) (4, 2) (5, 3) (3, 1) (5, 4) (6, 2) (6, 1) (3, 2) (5, 5) (6, 3) (5, 6) (6, 4) (5, 7) (2, 2) (6, 5) (2, 1) (5, 8) (7, 2) (6, 6) (7, 1) (5, 9) (5, 1) (5, 2) (4, 2) (6, 2) (4, 1) (5, 0) (6, 1) (4, 3) (6, 3) (5, 4) (6, 4) (5, 5) (4, 0) (6, 5) (3, 3) (7, 3) (5, 6) (7, 2) (3, 2) (6, 6) (7, 1) (7, 4) (3, 1) (5, 7) (3, 4) (6, 7) (4, 5) (5, 8) (3, 5) (6, 8) (4, 6) (3, 6) (5, 9) (5, 2) (5, 3) (4, 3) (6, 3) (4, 2) (5, 1) (6, 4) (5, 5) (6, 5) (6, 1) (3, 4) (7, 4) (3, 3) (7, 3) (4, 5) (3, 2) (5, 0) (3, 5) (4, 6) (3, 6) (5, 7) (4, 7) (3, 7) (7, 2) (5, 8) (2, 5) (4, 0) (4, 8) (8, 5) (7, 1) (3, 1) (3, 8) (2, 4) (5, 9) (5, 3) (5, 4) (5, 5) (5, 6) (4, 4) (6, 4) (5, 2) (5, 7) (6, 3) (6, 5) (4, 5) (5, 8) (6, 6) (4, 6) (5, 9) (5, 4) (5, 5) (5, 6) (5, 7) (4, 5) (6, 5) (4, 4) (5, 3) (6, 4) (5, 8) (4, 6) (5, 9) (5, 5) (4, 6) (6, 6) (4, 5) (5, 4) (6, 5) (5, 7) (4, 7) (6, 7) (5, 8) (6, 8) (4, 8) (5, 9) (4, 6) (5, 7) (4, 7) (5, 6) (5, 8) (4, 8) (5, 9) (5, 7) (5, 8) (5, 9) 
Camino del Agente:         (5, 1) (5, 2) (5, 3) (5, 4) (5, 5) (4, 6) (5, 7) (5, 8) 
Pasos del Agente:          8
Costo Total del Camino:    46
========================
--------██
-------█--
--------██
----------
S-----A---
-A░A░A-AAA
--█-------
-----███--
██--█--█-█
---██-█---
-----█----
========================
Detalles del Laberinto:
Posición del Agente:       (5, 9)
Posición de la Salida:     (5, 9)
Porcentaje de Obstáculos:  16.3636%
Nodos Generados:           260
(3, 1) (4, 1) (5, 1) (4, 2) (5, 2) (6, 1) (6, 2) (3, 2) (5, 3) (6, 3) (5, 4) (6, 4) (2, 1) (2, 2) (5, 5) (6, 5) (7, 1) (7, 2) (5, 6) (6, 6) (4, 7) (5, 7) (6, 7) (4, 8) (5, 8) (6, 8) (1, 1) (1, 2) (5, 9) (8, 1) (8, 2) (7, 7) (4, 0) (4, 1) (4, 2) (5, 0) (5, 2) (6, 1) (6, 2) (4, 3) (6, 3) (3, 1) (3, 2) (3, 3) (7, 1) (7, 2) (7, 3) (3, 0) (7, 0) (3, 4) (5, 4) (6, 4) (7, 4) (4, 5) (5, 5) (6, 5) (4, 6) (5, 6) (6, 6) (2, 2) (2, 3) (2, 4) (8, 2) (8, 3) (8, 4) (4, 7) (5, 7) (6, 7) (8, 1) (2, 1) (7, 7) (8, 0) (2, 0) (4, 8) (5, 8) (6, 8) (2, 5) (3, 5) (7, 8) (3, 6) (4, 9) (5, 9) (6, 9) (2, 6) (7, 9) (2, 7) (4, 2) (4, 3) (5, 1) (5, 3) (6, 1) (6, 3) (6, 4) (3, 2) (3, 3) (3, 4) (7, 2) (7, 3) (7, 4) (3, 1) (4, 0) (5, 0) (5, 5) (6, 5) (4, 5) (4, 6) (7, 0) (7, 1) (2, 3) (2, 4) (2, 5) (3, 5) (8, 5) (2, 2) (8, 2) (3, 6) (2, 1) (2, 6) (3, 7) (4, 7) (5, 7) (2, 7) (4, 8) (5, 8) (6, 8) (3, 8) (2, 8) (4, 9) (5, 9) (6, 9) (1, 4) (1, 5) (3, 0) (3, 9) (8, 6) (9, 4) (2, 0) (2, 9) (4, 2) (4, 4) (5, 2) (5, 4) (6, 2) (6, 3) (6, 4) (4, 5) (5, 5) (6, 5) (4, 6) (5, 6) (6, 6) (4, 7) (5, 7) (6, 7) (3, 3) (3, 4) (3, 5) (7, 3) (7, 4) (4, 1) (5, 1) (6, 1) (4, 8) (5, 8) (6, 8) (7, 2) (3, 6) (4, 9) (5, 9) (7, 7) (3, 7) (4, 3) (4, 4) (4, 5) (5, 3) (5, 5) (6, 3) (6, 4) (6, 5) (4, 6) (5, 6) (4, 7) (5, 7) (4, 8) (5, 8) (6, 8) (3, 4) (3, 5) (3, 6) (7, 4) (3, 3) (4, 2) (5, 2) (6, 2) (7, 3) (4, 9) (5, 9) (6, 9) (3, 7) (4, 4) (4, 5) (4, 6) (5, 4) (6, 4) (6, 5) (6, 6) (3, 5) (3, 6) (3, 7) (4, 7) (5, 7) (6, 7) (7, 7) (3, 4) (4, 3) (5, 3) (6, 3) (7, 4) (4, 8) (5, 8) (6, 8) (3, 8) (7, 8) (4, 9) (5, 9) (3, 9) (3, 5) (3, 6) (3, 7) (4, 5) (4, 7) (5, 5) (5, 6) (5, 7) (4, 8) (5, 8) (6, 7) (6, 8) (3, 8) (6, 5) (4, 9) (5, 9) (6, 9) (3, 9) (4, 6) (4, 7) (4, 8) (5, 8) (6, 6) (6, 8) (4, 9) (5, 9) (4, 7) (4, 8) (4, 9) (5, 7) (5, 9) (6, 7) (6, 8) (6, 9) 
Nodos Inspeccionados:      143
(4, 0) (5, 1) (4, 1) (5, 2) (4, 2) (5, 3) (3, 1) (5, 4) (6, 2) (6, 1) (3, 2) (5, 5) (6, 3) (5, 6) (6, 4) (5, 7) (2, 2) (6, 5) (2, 1) (5, 8) (7, 2) (6, 6) (7, 1) (5, 9) (5, 1) (5, 2) (4, 2) (6, 2) (4, 1) (5, 0) (6, 1) (4, 3) (6, 3) (5, 4) (6, 4) (5, 5) (4, 0) (6, 5) (3, 3) (7, 3) (5, 6) (7, 2) (3, 2) (6, 6) (7, 1) (7, 4) (3, 1) (5, 7) (3, 4) (6, 7) (4, 5) (5, 8) (3, 5) (6, 8) (4, 6) (3, 6) (5, 9) (5, 2) (5, 3) (4, 3) (6, 3) (4, 2) (5, 1) (6, 4) (5, 5) (6, 5) (6, 1) (3, 4) (7, 4) (3, 3) (7, 3) (4, 5) (3, 2) (5, 0) (3, 5) (4, 6) (3, 6) (5, 7) (4, 7) (3, 7) (7, 2) (5, 8) (2, 5) (4, 0) (4, 8) (8, 5) (7, 1) (3, 1) (3, 8) (2, 4) (5, 9) (5, 3) (5, 4) (5, 5) (5, 6) (4, 4) (6, 4) (5, 2) (5, 7) (6, 3) (6, 5) (4, 5) (5, 8) (6, 6) (4, 6) (5, 9) (5, 4) (5, 5) (5, 6) (5, 7) (4, 5) (6, 5) (4, 4) (5, 3) (6, 4) (5, 8) (4, 6) (5, 9) (5, 5) (4, 6) (6, 6) (4, 5) (5, 4) (6, 5) (5, 7) (4, 7) (6, 7) (5, 8) (6, 8) (4, 8) (5, 9) (4, 6) (5, 7) (4, 7) (5, 6) (5, 8) (4, 8) (5, 9) (5, 7) (5, 8) (5, 9) (5, 8) (5, 9) 
Camino del Agente:         (5, 1) (5, 2) (5, 3) (5, 4) (5, 5) (4, 6) (5, 7) (5, 8) (5, 9) 
Pasos del Agente:          9
Costo Total del Camino:    51
========================
