Laberinto Inicial:
█----
E-█--
-███-
-█---
-██-S
========================
Detalles del Laberinto:
Posición del Agente:       (4, 4)
Posición de la Salida:     (1, 0)
Porcentaje de Obstáculos:  32%
Nodos Generados:           0

Nodos Inspeccionados:      0

Camino del Agente:         
Pasos del Agente:          0
Costo Total del Camino:    0
========================
█-*--
E*█*-
-███*
-█--A
-██-S
========================
Detalles del Laberinto:
Posición del Agente:       (3, 4)
Posición de la Salida:     (1, 0)
Porcentaje de Obstáculos:  32%
Nodos Generados:           14
(3, 3) (3, 4) (4, 3) (2, 4) (3, 2) (1, 3) (1, 4) (0, 2) (0, 3) (0, 4) (0, 1) (1, 1) (1, 0) (2, 0) 
Nodos Inspeccionados:      14
(4, 4) (3, 3) (3, 4) (4, 3) (3, 2) (2, 4) (1, 3) (1, 4) (0, 2) (0, 3) (1, 1) (0, 4) (0, 1) (1, 0) 
Camino del Agente:         (3, 4) 
Pasos del Agente:          1
Costo Total del Camino:    5
========================
-----
E█---
-**A█
----░
█---S
========================
Detalles del Laberinto:
Posición del Agente:       (2, 3)
Posición de la Salida:     (1, 0)
Porcentaje de Obstáculos:  12%
Nodos Generados:           34
(3, 3) (3, 4) (4, 3) (2, 4) (3, 2) (1, 3) (1, 4) (0, 2) (0, 3) (0, 4) (0, 1) (1, 1) (1, 0) (2, 0) (2, 3) (3, 3) (4, 3) (4, 4) (1, 2) (1, 3) (1, 4) (2, 2) (3, 2) (4, 2) (0, 1) (0, 2) (0, 3) (2, 1) (0, 4) (3, 1) (4, 1) (1, 0) (2, 0) (3, 0) 
Nodos Inspeccionados:      24
(4, 4) (3, 3) (3, 4) (4, 3) (3, 2) (2, 4) (1, 3) (1, 4) (0, 2) (0, 3) (1, 1) (0, 4) (0, 1) (1, 0) (3, 4) (2, 3) (3, 3) (1, 2) (1, 3) (2, 2) (3, 2) (2, 1) (3, 1) (1, 0) 
Camino del Agente:         (3, 4) (2, 3) 
Pasos del Agente:          2
Costo Total del Camino:    12
========================
-----
E*A█-
---░-
-█--A
----S
========================
Detalles del Laberinto:
Posición del Agente:       (1, 2)
Posición de la Salida:     (1, 0)
Porcentaje de Obstáculos:  8%
Nodos Generados:           50
(3, 3) (3, 4) (4, 3) (2, 4) (3, 2) (1, 3) (1, 4) (0, 2) (0, 3) (0, 4) (0, 1) (1, 1) (1, 0) (2, 0) (2, 3) (3, 3) (4, 3) (4, 4) (1, 2) (1, 3) (1, 4) (2, 2) (3, 2) (4, 2) (0, 1) (0, 2) (0, 3) (2, 1) (0, 4) (3, 1) (4, 1) (1, 0) (2, 0) (3, 0) (1, 2) (1, 4) (2, 2) (2, 4) (3, 2) (3, 3) (3, 4) (0, 1) (0, 2) (0, 3) (1, 1) (2, 1) (0, 0) (1, 0) (2, 0) (3, 0) 
Nodos Inspeccionados:      30
(4, 4) (3, 3) (3, 4) (4, 3) (3, 2) (2, 4) (1, 3) (1, 4) (0, 2) (0, 3) (1, 1) (0, 4) (0, 1) (1, 0) (3, 4) (2, 3) (3, 3) (1, 2) (1, 3) (2, 2) (3, 2) (2, 1) (3, 1) (1, 0) (2, 3) (1, 2) (2, 2) (1, 1) (2, 1) (1, 0) 
Camino del Agente:         (3, 4) (2, 3) (1, 2) 
Pasos del Agente:          3
Costo Total del Camino:    19
========================
-----
EA░-█
---A-
--█-░
----S
========================
Detalles del Laberinto:
Posición del Agente:       (1, 1)
Posición de la Salida:     (1, 0)
Porcentaje de Obstáculos:  8%
Nodos Generados:           61
(3, 3) (3, 4) (4, 3) (2, 4) (3, 2) (1, 3) (1, 4) (0, 2) (0, 3) (0, 4) (0, 1) (1, 1) (1, 0) (2, 0) (2, 3) (3, 3) (4, 3) (4, 4) (1, 2) (1, 3) (1, 4) (2, 2) (3, 2) (4, 2) (0, 1) (0, 2) (0, 3) (2, 1) (0, 4) (3, 1) (4, 1) (1, 0) (2, 0) (3, 0) (1, 2) (1, 4) (2, 2) (2, 4) (3, 2) (3, 3) (3, 4) (0, 1) (0, 2) (0, 3) (1, 1) (2, 1) (0, 0) (1, 0) (2, 0) (3, 0) (0, 1) (0, 2) (0, 3) (1, 1) (1, 3) (2, 1) (2, 2) (2, 3) (0, 0) (1, 0) (2, 0) 
Nodos Inspeccionados:      33
(4, 4) (3, 3) (3, 4) (4, 3) (3, 2) (2, 4) (1, 3) (1, 4) (0, 2) (0, 3) (1, 1) (0, 4) (0, 1) (1, 0) (3, 4) (2, 3) (3, 3) (1, 2) (1, 3) (2, 2) (3, 2) (2, 1) (3, 1) (1, 0) (2, 3) (1, 2) (2, 2) (1, 1) (2, 1) (1, 0) (1, 2) (1, 1) (1, 0) 
Camino del Agente:         (3, 4) (2, 3) (1, 2) (1, 1) 
Pasos del Agente:          4
Costo Total del Camino:    24
========================
-----
A░A--
-█-░-
---█A
----S
========================
Detalles del Laberinto:
Posición del Agente:       (1, 0)
Posición de la Salida:     (1, 0)
Porcentaje de Obstáculos:  8%
Nodos Generados:           68
(3, 3) (3, 4) (4, 3) (2, 4) (3, 2) (1, 3) (1, 4) (0, 2) (0, 3) (0, 4) (0, 1) (1, 1) (1, 0) (2, 0) (2, 3) (3, 3) (4, 3) (4, 4) (1, 2) (1, 3) (1, 4) (2, 2) (3, 2) (4, 2) (0, 1) (0, 2) (0, 3) (2, 1) (0, 4) (3, 1) (4, 1) (1, 0) (2, 0) (3, 0) (1, 2) (1, 4) (2, 2) (2, 4) (3, 2) (3, 3) (3, 4) (0, 1) (0, 2) (0, 3) (1, 1) (2, 1) (0, 0) (1, 0) (2, 0) (3, 0) (0, 1) (0, 2) (0, 3) (1, 1) (1, 3) (2, 1) (2, 2) (2, 3) (0, 0) (1, 0) (2, 0) (0, 0) (0, 1) (0, 2) (1, 0) (1, 2) (2, 0) (2, 2) 
Nodos Inspeccionados:      35
(4, 4) (3, 3) (3, 4) (4, 3) (3, 2) (2, 4) (1, 3) (1, 4) (0, 2) (0, 3) (1, 1) (0, 4) (0, 1) (1, 0) (3, 4) (2, 3) (3, 3) (1, 2) (1, 3) (2, 2) (3, 2) (2, 1) (3, 1) (1, 0) (2, 3) (1, 2) (2, 2) (1, 1) (2, 1) (1, 0) (1, 2) (1, 1) (1, 0) (1, 1) (1, 0) 
Camino del Agente:         (3, 4) (2, 3) (1, 2) (1, 1) (1, 0) 
Pasos del Agente:          5
Costo Total del Camino:    29
========================
