Laberinto Inicial:
███████████████E██
█--█-------------█
█---------██████-█
█----█----█----█-█
█----█----█----█-█
█----████-█----█-█
█--------------█-█
█----------------█
█----------------█
--████████████████
█----------------█
█----------------█
█----------------█
███████████S██████
========================
Detalles del Laberinto:
Posición del Agente:       (13, 11)
Posición de la Salida:     (0, 15)
Porcentaje de Obstáculos:  36.5079%
Nodos Generados:           0

Nodos Inspeccionados:      0

Camino del Agente:         
Pasos del Agente:          0
Costo Total del Camino:    0
========================
███████████████E██
█--█--*********--█
█----*----██████-█
█---*█----█----█-█
█---*█----█----█-█
█---*████-█----█-█
█---*----------█-█
█--*-------------█
█-*--------------█
-*████████████████
█-*******--------█
█--------*-------█
█---------*------█
███████████S██████
========================
Detalles del Laberinto:
Posición del Agente:       (12, 10)
Posición de la Salida:     (0, 15)
Porcentaje de Obstáculos:  36.5079%
Nodos Generados:           154
(12, 10) (12, 11) (12, 12) (11, 11) (11, 12) (11, 13) (12, 13) (11, 10) (10, 12) (10, 13) (10, 14) (11, 14) (12, 14) (10, 11) (10, 15) (11, 15) (10, 10) (12, 15) (10, 16) (11, 16) (12, 16) (11, 9) (12, 9) (10, 9) (10, 8) (11, 8) (12, 8) (10, 7) (11, 7) (12, 7) (10, 6) (11, 6) (12, 6) (10, 5) (11, 5) (12, 5) (10, 4) (11, 4) (12, 4) (10, 3) (11, 3) (12, 3) (10, 2) (11, 2) (12, 2) (9, 1) (10, 1) (11, 1) (12, 1) (8, 1) (8, 2) (9, 0) (7, 1) (7, 2) (7, 3) (8, 3) (6, 2) (6, 3) (6, 4) (7, 4) (8, 4) (6, 1) (5, 3) (5, 4) (6, 5) (7, 5) (5, 2) (8, 5) (5, 1) (4, 3) (4, 4) (6, 6) (7, 6) (4, 2) (8, 6) (4, 1) (3, 3) (3, 4) (6, 7) (7, 7) (3, 2) (8, 7) (3, 1) (2, 3) (2, 4) (2, 5) (6, 8) (7, 8) (2, 2) (8, 8) (1, 4) (1, 5) (1, 6) (2, 6) (3, 6) (2, 1) (5, 9) (6, 9) (7, 9) (1, 7) (2, 7) (1, 2) (8, 9) (3, 7) (4, 8) (4, 9) (6, 10) (1, 1) (7, 10) (1, 8) (2, 8) (8, 10) (3, 8) (3, 9) (5, 11) (6, 11) (7, 11) (1, 9) (2, 9) (8, 11) (4, 11) (4, 12) (5, 12) (6, 12) (4, 6) (4, 7) (7, 12) (1, 10) (3, 11) (3, 12) (3, 13) (4, 13) (5, 13) (6, 13) (3, 14) (4, 14) (8, 12) (7, 13) (5, 14) (1, 11) (8, 13) (6, 14) (7, 14) (1, 12) (8, 14) (7, 15) (1, 13) (8, 15) (1, 14) (6, 16) (7, 16) (8, 16) (0, 15) (1, 15) 
Nodos Inspeccionados:      151
(13, 11) (12, 12) (12, 11) (11, 13) (11, 12) (12, 13) (10, 14) (11, 11) (10, 13) (11, 14) (10, 12) (12, 14) (10, 15) (10, 11) (11, 15) (12, 10) (12, 15) (11, 10) (10, 10) (10, 16) (11, 16) (11, 9) (12, 9) (12, 16) (10, 9) (10, 8) (11, 8) (12, 8) (10, 7) (11, 7) (12, 7) (10, 6) (11, 6) (12, 6) (10, 5) (11, 5) (12, 5) (10, 4) (11, 4) (12, 4) (10, 3) (11, 3) (12, 3) (10, 2) (11, 2) (12, 2) (9, 1) (10, 1) (8, 2) (11, 1) (8, 1) (7, 3) (12, 1) (7, 2) (8, 3) (6, 4) (7, 1) (6, 3) (7, 4) (6, 2) (8, 4) (5, 4) (6, 5) (6, 1) (5, 3) (7, 5) (5, 2) (8, 5) (4, 4) (6, 6) (9, 0) (5, 1) (4, 3) (7, 6) (4, 2) (8, 6) (3, 4) (6, 7) (4, 1) (3, 3) (7, 7) (2, 5) (3, 2) (8, 7) (2, 4) (6, 8) (1, 6) (3, 1) (2, 3) (7, 8) (1, 5) (2, 6) (5, 9) (2, 2) (8, 8) (1, 4) (6, 9) (1, 7) (2, 1) (7, 9) (2, 7) (4, 9) (1, 2) (8, 9) (6, 10) (1, 8) (1, 1) (7, 10) (2, 8) (3, 9) (5, 11) (3, 6) (8, 10) (6, 11) (1, 9) (4, 12) (2, 9) (5, 12) (3, 13) (7, 11) (4, 11) (3, 7) (8, 11) (6, 12) (4, 13) (3, 12) (1, 10) (4, 8) (7, 12) (3, 11) (5, 13) (3, 14) (3, 8) (8, 12) (6, 13) (4, 14) (1, 11) (7, 13) (5, 14) (8, 13) (6, 14) (1, 12) (4, 7) (7, 14) (4, 6) (8, 14) (1, 13) (7, 15) (8, 15) (1, 14) (0, 15) 
Camino del Agente:         (12, 10) 
Pasos del Agente:          1
Costo Total del Camino:    7
========================
█--------------E--
----█---█------*--
-█----█-█-----*█--
------█-------*---
------█-██--█-*---
--------------*---
--█-----------*---
---█----█-----*---
----------█---*-██
-█-█-█-█-----*█---
--█---------*█----
---█-█-----*------
----█-----A-----█-
█-█--------S------
========================
Detalles del Laberinto:
Posición del Agente:       (11, 11)
Posición de la Salida:     (0, 15)
Porcentaje de Obstáculos:  12.3016%
Nodos Generados:           120
(11, 9) (11, 10) (11, 11) (12, 9) (12, 11) (13, 9) (13, 10) (13, 11) (10, 10) (10, 11) (10, 12) (11, 12) (12, 12) (10, 9) (13, 12) (9, 11) (9, 12) (9, 13) (11, 13) (9, 10) (12, 13) (8, 12) (8, 13) (8, 14) (10, 14) (13, 13) (9, 9) (8, 11) (7, 13) (7, 14) (7, 15) (8, 15) (9, 15) (11, 14) (12, 14) (7, 12) (6, 14) (6, 15) (6, 16) (7, 16) (8, 9) (9, 16) (10, 15) (11, 15) (7, 11) (13, 14) (6, 13) (7, 10) (5, 14) (5, 15) (5, 16) (10, 8) (11, 8) (12, 8) (6, 12) (12, 15) (10, 16) (6, 11) (5, 13) (11, 16) (13, 8) (13, 15) (6, 10) (4, 14) (4, 15) (4, 16) (9, 8) (5, 12) (4, 13) (5, 11) (13, 16) (5, 10) (3, 14) (3, 15) (3, 16) (8, 8) (3, 13) (5, 17) (6, 17) (7, 17) (4, 11) (2, 14) (2, 16) (7, 9) (4, 10) (3, 12) (6, 9) (10, 7) (11, 7) (4, 17) (2, 13) (12, 7) (9, 17) (10, 17) (2, 12) (6, 8) (3, 10) (3, 11) (3, 17) (5, 9) (13, 7) (2, 11) (1, 13) (1, 14) (1, 15) (8, 7) (11, 17) (12, 17) (5, 8) (0, 14) (0, 15) (0, 16) (1, 16) (2, 10) (1, 12) (7, 7) (0, 13) (1, 11) (2, 17) (1, 10) 
Nodos Inspeccionados:      90
(12, 10) (11, 11) (11, 10) (12, 11) (10, 12) (10, 11) (11, 12) (9, 13) (12, 12) (10, 10) (9, 12) (8, 14) (11, 13) (9, 11) (8, 13) (7, 15) (9, 10) (8, 15) (10, 14) (8, 12) (12, 13) (7, 14) (13, 11) (8, 11) (6, 15) (11, 9) (7, 13) (11, 14) (9, 15) (13, 10) (7, 12) (6, 14) (10, 15) (12, 9) (12, 14) (7, 11) (5, 15) (11, 15) (13, 12) (10, 9) (6, 13) (5, 14) (6, 12) (12, 15) (6, 11) (13, 13) (4, 15) (5, 13) (9, 9) (4, 14) (6, 16) (5, 12) (13, 9) (13, 14) (3, 15) (8, 9) (5, 11) (7, 16) (4, 13) (7, 10) (10, 8) (5, 16) (3, 14) (11, 8) (9, 16) (3, 13) (13, 15) (7, 9) (4, 11) (4, 16) (6, 10) (12, 8) (3, 12) (2, 14) (9, 8) (10, 16) (11, 16) (6, 9) (1, 15) (3, 11) (2, 13) (8, 8) (1, 14) (5, 10) (2, 12) (3, 16) (5, 9) (2, 11) (5, 17) (0, 15) 
Camino del Agente:         (12, 10) (11, 11) 
Pasos del Agente:          2
Costo Total del Camino:    14
========================
█----█████--█--E-█
---█--█-----████*-
-----█----█--█-*--
----█--------██*-█
----█-----█--██*--
----------██---*--
-█---█---██----*-█
-█----█--------*--
-██----█---█--*█--
█-------█----*██-█
██-█-----█--*-----
------█-█--░--█---
-█-------█A---██-█
█-█----█-█-S--██--
========================
Detalles del Laberinto:
Posición del Agente:       (10, 12)
Posición de la Salida:     (0, 15)
Porcentaje de Obstáculos:  24.6032%
Nodos Generados:           87
(10, 10) (10, 11) (10, 12) (11, 10) (11, 12) (12, 10) (12, 11) (12, 12) (9, 11) (9, 12) (9, 13) (10, 13) (11, 13) (9, 10) (12, 13) (8, 12) (8, 13) (8, 14) (10, 14) (7, 13) (7, 14) (7, 15) (8, 10) (7, 12) (6, 14) (6, 15) (6, 16) (7, 16) (8, 16) (10, 15) (11, 15) (7, 11) (6, 13) (5, 14) (5, 15) (5, 16) (6, 12) (13, 11) (13, 12) (13, 13) (6, 11) (9, 9) (11, 9) (5, 13) (9, 16) (10, 16) (11, 16) (13, 10) (5, 12) (4, 15) (4, 16) (8, 9) (3, 15) (3, 16) (4, 12) (7, 9) (7, 10) (5, 17) (7, 17) (4, 11) (12, 16) (2, 14) (2, 15) (2, 16) (8, 17) (3, 11) (3, 12) (4, 17) (10, 17) (1, 16) (8, 8) (10, 8) (11, 17) (2, 11) (2, 12) (7, 8) (12, 8) (2, 17) (1, 11) (3, 10) (6, 8) (1, 17) (0, 15) (0, 16) (7, 7) (9, 7) (1, 10) 
Nodos Inspeccionados:      73
(11, 11) (10, 12) (10, 11) (11, 12) (9, 13) (9, 12) (10, 13) (8, 14) (9, 11) (11, 13) (8, 13) (7, 15) (10, 14) (8, 12) (7, 14) (6, 15) (7, 13) (12, 12) (7, 12) (10, 10) (6, 14) (10, 15) (12, 11) (6, 13) (5, 15) (11, 10) (12, 13) (5, 14) (6, 12) (9, 10) (4, 15) (5, 13) (8, 10) (6, 16) (5, 12) (11, 15) (3, 15) (7, 11) (7, 16) (12, 10) (4, 12) (5, 16) (7, 10) (9, 16) (6, 11) (13, 13) (2, 15) (9, 9) (13, 12) (10, 16) (4, 16) (3, 12) (13, 11) (8, 16) (8, 9) (11, 9) (3, 16) (2, 12) (5, 17) (4, 11) (7, 9) (2, 14) (2, 16) (4, 17) (3, 11) (11, 16) (7, 17) (1, 16) (8, 8) (13, 10) (8, 17) (2, 11) (0, 15) 
Camino del Agente:         (12, 10) (11, 11) (10, 12) 
Pasos del Agente:          3
Costo Total del Camino:    21
========================
█---------██--█E--
█---█----------*--
-█----█----█---*-█
------█-██-█---*--
---█--█-█------*--
-█-----█-------*--
--█----------█-*--
--█--█--█--█---*--
--------------*-█-
-██------█--█*█---
------------A█----
---█---█---A------
----------A-█---█-
-██-█---█--S------
========================
Detalles del Laberinto:
Posición del Agente:       (9, 13)
Posición de la Salida:     (0, 15)
Porcentaje de Obstáculos:  15.873%
Nodos Generados:           85
(9, 11) (9, 13) (10, 11) (11, 11) (11, 12) (11, 13) (8, 12) (8, 13) (8, 14) (10, 14) (7, 13) (7, 14) (7, 15) (8, 15) (9, 15) (7, 12) (6, 14) (6, 15) (6, 16) (7, 16) (9, 16) (6, 12) (5, 14) (5, 15) (5, 16) (5, 13) (11, 14) (12, 13) (12, 14) (8, 10) (8, 11) (9, 10) (10, 10) (4, 14) (4, 15) (4, 16) (12, 11) (10, 15) (11, 15) (11, 10) (4, 13) (12, 15) (3, 14) (3, 15) (3, 16) (7, 10) (10, 16) (6, 11) (3, 13) (11, 16) (5, 17) (6, 17) (7, 17) (8, 17) (2, 14) (2, 15) (2, 16) (4, 17) (5, 11) (5, 12) (2, 13) (4, 12) (12, 10) (1, 14) (1, 15) (1, 16) (7, 9) (8, 9) (3, 17) (4, 11) (13, 13) (13, 14) (13, 15) (1, 13) (10, 9) (3, 12) (13, 12) (0, 15) (0, 16) (6, 9) (6, 10) (13, 16) (0, 13) (11, 9) (5, 10) 
Nodos Inspeccionados:      53
(10, 12) (9, 13) (8, 14) (8, 13) (7, 15) (7, 14) (8, 15) (7, 13) (6, 15) (6, 14) (11, 13) (9, 11) (5, 15) (11, 12) (10, 14) (10, 11) (5, 14) (8, 12) (11, 14) (4, 15) (8, 11) (9, 15) (7, 12) (4, 14) (10, 15) (6, 16) (11, 15) (7, 16) (3, 15) (5, 16) (6, 12) (3, 14) (5, 13) (11, 11) (2, 15) (8, 10) (4, 16) (5, 12) (12, 14) (2, 14) (9, 10) (4, 13) (12, 13) (1, 15) (7, 10) (12, 15) (1, 14) (3, 16) (4, 12) (10, 10) (5, 17) (6, 11) (0, 15) 
Camino del Agente:         (12, 10) (11, 11) (10, 12) (9, 13) 
Pasos del Agente:          4
Costo Total del Camino:    28
========================
█----█████-----E--
---█----█---██*█--
----██--█----█*---
█------------█*---
----█-------██*-█-
----█-----██--*---
-█------------*---
-█-█--█------*█-█-
█---█--█-----*-█--
-------------A---█
█-██--█-----A-----
----█------░--█---
-█--█----█A---██-█
-----█---█-S--█---
========================
Detalles del Laberinto:
Posición del Agente:       (8, 13)
Posición de la Salida:     (0, 15)
Porcentaje de Obstáculos:  19.8413%
Nodos Generados:           66
(8, 12) (8, 13) (8, 14) (9, 12) (9, 14) (10, 12) (10, 13) (10, 14) (7, 13) (7, 15) (9, 15) (7, 12) (10, 15) (6, 14) (6, 15) (6, 16) (8, 16) (6, 12) (6, 13) (9, 16) (10, 16) (5, 14) (5, 15) (5, 16) (5, 13) (4, 14) (4, 15) (5, 12) (11, 13) (11, 15) (7, 11) (8, 11) (9, 11) (11, 12) (10, 11) (3, 14) (3, 15) (3, 16) (11, 16) (5, 17) (6, 17) (7, 17) (6, 11) (2, 14) (2, 15) (2, 16) (8, 17) (4, 17) (1, 14) (1, 16) (10, 17) (4, 11) (11, 11) (12, 16) (6, 10) (7, 10) (8, 10) (9, 10) (2, 17) (3, 17) (0, 13) (0, 14) (0, 15) (10, 10) (12, 12) (12, 13) 
Nodos Inspeccionados:      42
(9, 13) (8, 14) (8, 13) (9, 14) (7, 15) (7, 13) (9, 15) (6, 15) (6, 14) (5, 15) (6, 13) (10, 14) (8, 12) (5, 14) (10, 13) (5, 13) (9, 12) (4, 15) (10, 15) (4, 14) (6, 16) (7, 12) (3, 15) (8, 16) (3, 14) (6, 12) (5, 16) (2, 15) (9, 16) (5, 12) (10, 12) (2, 14) (11, 15) (7, 11) (8, 11) (3, 16) (1, 14) (6, 11) (5, 17) (9, 11) (11, 13) (0, 15) 
Camino del Agente:         (12, 10) (11, 11) (10, 12) (9, 13) (8, 13) 
Pasos del Agente:          5
Costo Total del Camino:    33
========================
█---------███-█E-█
------█-------█*--
------█---█----*-█
----█-█-█--█--█*-█
--------█------*--
-██----█-------*--
----█----██--█-*--
-------------█*---
-██--------█-A--█-
█---█---█----A-█--
------------A-----
------██-█-A█----█
----------A-█-----
-----------S█-----
========================
Detalles del Laberinto:
Posición del Agente:       (7, 14)
Posición de la Salida:     (0, 15)
Porcentaje de Obstáculos:  16.2698%
Nodos Generados:           55
(7, 12) (7, 14) (8, 12) (8, 14) (9, 12) (9, 13) (9, 14) (6, 14) (6, 15) (7, 15) (8, 15) (5, 14) (5, 15) (5, 16) (6, 16) (7, 16) (5, 13) (9, 16) (4, 14) (4, 15) (4, 16) (4, 13) (3, 15) (3, 16) (6, 11) (6, 12) (7, 11) (3, 13) (10, 13) (10, 14) (10, 15) (10, 12) (9, 11) (2, 14) (2, 15) (2, 16) (5, 11) (5, 12) (4, 17) (5, 17) (6, 17) (4, 12) (7, 17) (1, 15) (1, 16) (4, 11) (8, 17) (0, 15) (0, 16) (3, 12) (10, 11) (10, 16) (11, 14) (11, 15) (11, 16) 
Nodos Inspeccionados:      31
(8, 13) (7, 14) (8, 14) (6, 15) (6, 14) (7, 15) (8, 15) (5, 15) (5, 14) (4, 15) (7, 12) (4, 14) (9, 14) (9, 13) (8, 12) (3, 15) (6, 12) (5, 16) (5, 13) (6, 16) (2, 15) (4, 16) (5, 12) (7, 16) (1, 15) (4, 13) (3, 16) (9, 12) (4, 12) (10, 15) (0, 15) 
Camino del Agente:         (12, 10) (11, 11) (10, 12) (9, 13) (8, 13) (7, 14) 
Pasos del Agente:          6
Costo Total del Camino:    40
========================
█----█████-----E--
----█------█-█*█--
----██--█--█---*--
█--------█-----*█-
-------█-----██*--
----█-----█----*--
-██--█---------*--
------█-█--█--░---
█---█--█-----A----
-██----------A---█
---------█--A█----
----██--█--░------
█---------A-----█-
----██-███-S--█---
========================
Detalles del Laberinto:
Posición del Agente:       (6, 15)
Posición de la Salida:     (0, 15)
Porcentaje de Obstáculos:  18.6508%
Nodos Generados:           59
(6, 13) (6, 14) (6, 15) (7, 13) (7, 15) (8, 13) (8, 14) (8, 15) (5, 14) (5, 15) (5, 16) (6, 16) (7, 16) (5, 13) (8, 16) (4, 15) (4, 16) (3, 14) (3, 15) (5, 12) (6, 12) (7, 12) (9, 14) (9, 15) (9, 16) (2, 14) (2, 15) (2, 16) (9, 13) (8, 12) (4, 17) (5, 17) (6, 17) (4, 12) (7, 17) (1, 14) (1, 16) (3, 17) (8, 17) (2, 13) (3, 13) (9, 12) (4, 11) (5, 11) (6, 11) (1, 17) (2, 17) (10, 14) (10, 15) (10, 16) (0, 13) (0, 14) (0, 15) (3, 11) (3, 12) (0, 16) (0, 17) (8, 11) (2, 12) 
Nodos Inspeccionados:      37
(7, 14) (6, 15) (6, 14) (7, 15) (5, 15) (5, 14) (4, 15) (6, 13) (8, 15) (3, 15) (8, 14) (7, 13) (5, 16) (5, 13) (6, 16) (2, 15) (4, 16) (7, 16) (3, 14) (8, 13) (2, 14) (5, 12) (2, 16) (9, 15) (4, 17) (6, 12) (8, 16) (1, 14) (4, 12) (1, 16) (9, 14) (5, 17) (7, 12) (6, 17) (3, 13) (3, 17) (0, 15) 
Camino del Agente:         (12, 10) (11, 11) (10, 12) (9, 13) (8, 13) (7, 14) (6, 15) 
Pasos del Agente:          7
Costo Total del Camino:    47
========================
█---------███-█E-█
------█-----█--*--
-█----█------█-*-█
----█-█----█-█-*-█
--------█------*█-
-█---█-----█---*--
---------██--█-░--
--------------A-█-
-██--------█-A-██-
--------██---A----
█-----------A-----
------██---A█-█--█
----█-----A-------
-█---------S------
========================
Detalles del Laberinto:
Posición del Agente:       (5, 15)
Posición de la Salida:     (0, 15)
Porcentaje de Obstáculos:  16.2698%
Nodos Generados:           28
(5, 14) (5, 15) (5, 16) (6, 14) (6, 16) (7, 14) (7, 15) (4, 14) (4, 15) (3, 14) (3, 15) (3, 16) (2, 14) (2, 15) (2, 16) (4, 13) (5, 13) (4, 17) (5, 17) (6, 17) (7, 13) (7, 17) (8, 14) (1, 14) (1, 15) (1, 16) (0, 15) (0, 16) 
Nodos Inspeccionados:      15
(6, 15) (5, 15) (4, 15) (3, 15) (5, 14) (5, 16) (6, 14) (6, 16) (7, 15) (2, 15) (4, 14) (1, 15) (3, 16) (3, 14) (0, 15) 
Camino del Agente:         (12, 10) (11, 11) (10, 12) (9, 13) (8, 13) (7, 14) (6, 15) (5, 15) 
Pasos del Agente:          8
Costo Total del Camino:    52
========================
█----█████-----E--
----█------█--██*-
-----█--█-██---*--
--------██-----*█-
-------█-----██*--
----█-----█----A--
--█-██---------A--
--------█--█-█░---
----█--█--█--A----
--█-█--------A---█
------------A█----
---█-█--██-░------
-█--------A------█
-------███-S█-██--
========================
Detalles del Laberinto:
Posición del Agente:       (4, 15)
Posición de la Salida:     (0, 15)
Porcentaje de Obstáculos:  18.6508%
Nodos Generados:           31
(4, 15) (4, 16) (5, 14) (5, 16) (6, 14) (6, 15) (6, 16) (3, 14) (3, 15) (2, 14) (2, 15) (2, 16) (1, 16) (3, 17) (4, 17) (5, 17) (5, 13) (6, 13) (6, 17) (7, 14) (7, 15) (7, 16) (2, 13) (3, 13) (1, 13) (1, 17) (2, 17) (7, 17) (0, 15) (0, 16) (0, 17) 
Nodos Inspeccionados:      16
(5, 15) (4, 15) (3, 15) (2, 15) (4, 16) (5, 14) (5, 16) (6, 15) (3, 14) (2, 14) (2, 16) (6, 16) (6, 14) (1, 16) (3, 17) (0, 15) 
Camino del Agente:         (12, 10) (11, 11) (10, 12) (9, 13) (8, 13) (7, 14) (6, 15) (5, 15) (4, 15) 
Pasos del Agente:          9
Costo Total del Camino:    57
========================
█---------███-█E-█
------█-----█--*--
-█--█--------█-*-█
█---█------█-█-*-█
--------█------A█-
-█---█-----█---A--
---------██--█-░--
--------------A-█-
██---------█-A-██-
--------██---A----
█-----------A-----
----█-█----A█-█--█
----█-----A-------
-█---------S------
========================
Detalles del Laberinto:
Posición del Agente:       (3, 15)
Posición de la Salida:     (0, 15)
Porcentaje de Obstáculos:  16.2698%
Nodos Generados:           21
(3, 14) (3, 15) (3, 16) (4, 14) (5, 14) (5, 15) (5, 16) (2, 14) (2, 15) (2, 16) (1, 14) (1, 15) (1, 16) (0, 15) (0, 16) (4, 13) (4, 17) (5, 13) (6, 14) (6, 15) (6, 16) 
Nodos Inspeccionados:      9
(4, 15) (3, 15) (2, 15) (1, 15) (3, 14) (3, 16) (4, 14) (5, 15) (0, 15) 
Camino del Agente:         (12, 10) (11, 11) (10, 12) (9, 13) (8, 13) (7, 14) (6, 15) (5, 15) (4, 15) (3, 15) 
Pasos del Agente:          10
Costo Total del Camino:    62
========================
█----█████-----E--
----█------█--██*-
------█-█-██---*--
--------██-----A█-
-------█-----██A--
----█-----█----A--
--█-██---------A--
--------█--█-█░---
----█--█--█--A----
--█-█--------A---█
------------A█----
---█---███-░------
-█--------A------█
-------███-S█-██--
========================
Detalles del Laberinto:
Posición del Agente:       (2, 15)
Posición de la Salida:     (0, 15)
Porcentaje de Obstáculos:  18.6508%
Nodos Generados:           19
(2, 14) (2, 15) (2, 16) (3, 14) (4, 15) (4, 16) (1, 16) (1, 13) (2, 13) (3, 13) (1, 17) (2, 17) (3, 17) (5, 14) (5, 15) (5, 16) (0, 15) (0, 16) (0, 17) 
Nodos Inspeccionados:      8
(3, 15) (2, 15) (2, 14) (2, 16) (3, 14) (4, 15) (1, 16) (0, 15) 
Camino del Agente:         (12, 10) (11, 11) (10, 12) (9, 13) (8, 13) (7, 14) (6, 15) (5, 15) (4, 15) (3, 15) (2, 15) 
Pasos del Agente:          11
Costo Total del Camino:    67
========================
█---------███-█E-█
------█-----█--*--
-█--█--------█-A-█
█---█------█-█-A-█
--------█------A█-
-█---█-----█---A--
---------██--█-░--
--------------A-█-
██---------█-A-██-
--------██---A----
█-----------A-----
----██-----A█-█--█
----█-----A-------
-█---------S------
========================
Detalles del Laberinto:
Posición del Agente:       (1, 15)
Posición de la Salida:     (0, 15)
Porcentaje de Obstáculos:  16.2698%
Nodos Generados:           10
(1, 14) (1, 15) (1, 16) (2, 14) (2, 16) (3, 14) (3, 15) (3, 16) (0, 15) (0, 16) 
Nodos Inspeccionados:      3
(2, 15) (1, 15) (0, 15) 
Camino del Agente:         (12, 10) (11, 11) (10, 12) (9, 13) (8, 13) (7, 14) (6, 15) (5, 15) (4, 15) (3, 15) (2, 15) (1, 15) 
Pasos del Agente:          12
Costo Total del Camino:    72
========================
█----█████-----E--
----█------█--█░--
-----█--█-██---A--
------█--█----█A--
---█-----█----█A--
--█----█-------A--
-█--██---------A-█
-----------█-█░---
--█----█--█--A----
█---█-------█A----
-█----------A-----
---█--█-██-░------
█--------█A-------
----█---██-S█-██--
========================
Detalles del Laberinto:
Posición del Agente:       (0, 15)
Posición de la Salida:     (0, 15)
Porcentaje de Obstáculos:  18.254%
Nodos Generados:           7
(0, 14) (0, 15) (0, 16) (1, 16) (2, 14) (2, 15) (2, 16) 
Nodos Inspeccionados:      2
(1, 15) (0, 15) 
Camino del Agente:         (12, 10) (11, 11) (10, 12) (9, 13) (8, 13) (7, 14) (6, 15) (5, 15) (4, 15) (3, 15) (2, 15) (1, 15) (0, 15) 
Pasos del Agente:          13
Costo Total del Camino:    77
========================
